1 22.56080775 113.9571395
2 22.54858 114.034302
3 22.54985 114.040749
4 22.601561 114.112152
5 22.539467 113.982582
6 22.533251 114.044701
7 22.627693 114.137177
8 22.529778 113.910088
9 22.618246 114.036629
10 22.55595 113.940331
11 22.612982 114.039558
12 22.554087 113.899017
13 22.633617 114.032219
14 22.611116 114.1017
15 22.535252 114.050461
16 22.544741 114.125786
17 22.523884 113.987152
18 22.564917 114.118385
19 22.539022 113.971054
20 22.5557 114.102898
21 22.641138 114.032921
22 22.515266 114.050964
23 22.656267 114.017769
24 22.517817 114.063034
25 22.538584 114.069633
26 22.5331 114.072098
27 22.551617 114.035934
28 22.5569566 113.9325302
29 22.5398995 114.0903015
30 22.552266 113.9020995
31 22.542633 113.91925
32 22.531151 114.045097
33 22.5159 113.913467
34 22.600668 114.30558
35 22.553617 114.100967
36 22.5410255 113.9369695
37 22.648899 113.832832
38 22.5089505 113.9185255
39 22.5449572 114.0791126
40 22.523666 114.056732
41 22.540133 114.09597
42 22.636633 113.929886
43 22.5369 114.006165
44 22.540883 114.0606235
45 22.579533 114.115898
46 22.530533 114.014114
47 22.593849 113.898483
48 22.536682 113.93837
49 22.5463345 113.9844325
50 22.551767 114.098564
51 22.543249 113.960464
52 22.54784 114.099602
53 22.651199 113.815132
54 22.50725 113.927353
55 22.5418 114.109283
56 22.523767 114.062965
57 22.553801 113.905518
58 22.543882 114.117996
59 22.747967 114.266418
60 22.665142 114.056396
61 22.642584 114.033417
62 22.542133 114.091232
63 22.579057 114.103045714
64 22.550533 113.928719
65 22.5258108333 114.065420833
66 22.535418 114.056419
67 22.551884 114.081451
68 22.647318 113.815933
69 22.650433 113.833099
70 22.5581943333 113.97876
71 22.575684 114.116081
72 22.523544 114.037071
73 22.644833 113.835152
74 22.634769 114.100998
75 22.559084 114.081985
76 22.529467 114.0681
77 22.653549 114.024315
78 22.519783 114.030746
79 22.531664 114.056923
80 22.541941 114.119736
81 22.526778 113.899147333
82 22.573851 114.121651
83 22.554811 113.899574
84 22.531584 114.076332
85 22.528883 113.925697
86 22.550417 114.115616
87 22.555634 113.905029
88 22.607144 114.141690333
89 22.616753 114.135201
90 22.6534 114.114983
91 22.588717 114.265297
92 22.541233 114.045731
93 22.56205 113.908516
94 22.649717 114.033585
95 22.545945 114.137654333
96 22.547783 114.11055
97 22.539482 114.024551
98 22.583233 114.130516
99 22.560316 114.125015
100 22.551222 114.091095
101 22.628901 113.850166
102 22.530416 114.019234
103 22.515932 113.927315
104 22.567484 114.045082
105 22.523251 113.983749
106 22.534433 114.114502
107 22.535383 114.056519
108 22.564301 114.139336
109 22.543367 114.091003
110 22.6513836 113.8147658
111 22.531095375 114.05724325
112 22.559834 114.097633
113 22.547199 114.07605
114 22.677418 113.822899
115 22.551533 114.012482
116 22.661093 114.052956
117 22.54405 114.124115
118 22.5114039167 113.919852833
119 22.5360848333 113.913230667
120 22.626717 114.110214
121 22.627867 114.100334
122 22.537592 114.088135
123 22.520437 114.029495
124 22.60147925 113.88356975
125 22.53186 114.114716
126 22.559105 113.900749
127 22.541162 114.102158
128 22.575567 114.13913
129 22.541468 114.057999
130 22.572166 113.960747
131 22.526199 114.045364
132 22.66605 113.806816
133 22.543068 114.079315
134 22.539734 113.94075
135 22.545767 114.099533
136 22.555092 113.967823
137 22.576616 114.12262
138 22.51705 113.922264
139 22.617582 113.874519
140 22.616949 114.037117
141 22.5716063333 114.003304
142 22.5844851667 114.057282917
143 22.5406 114.091347
144 22.5504 113.919518
145 22.538782 114.052071
146 22.52935 113.996765
147 22.5511 114.122269
148 22.534782 114.114868
149 22.542467 114.045547
150 22.56975 114.126648
151 22.536581 113.9393798
152 22.540567 113.949066
153 22.555367 114.062584
154 22.523216 114.024864
155 22.563618 114.029831
156 22.576767 114.116035
157 22.570583 114.126579
158 22.543182 114.069817
159 22.608868 114.068085
160 22.542816 113.928368
161 22.530333 114.044815
162 22.651068 113.816101
163 22.559717 114.047363
164 22.5680786667 114.124484
165 22.571966 114.0355
166 22.523649 114.068436
167 22.523333 113.985069
168 22.588739 113.857079
169 22.5274476 114.0559282
170 22.525314 113.937019
171 22.558666 114.113419
172 22.568083 114.094048
173 22.64855 113.83287
174 22.54315 114.080666
175 22.538 114.093803
176 22.503117 113.91713
177 22.66095 114.007118
178 22.761578 113.900192
179 22.617933 114.155647
180 22.650799 114.006592
181 22.609568 114.113747
182 22.640499 113.838684
183 22.754465 114.224953
184 22.666708 114.011101
185 22.669388 114.03125
186 22.731993 114.273148
187 22.665585 113.994377
188 22.57062 113.897614
189 22.627934 114.122452
190 22.582388 113.883568
191 22.678658 114.008659
192 22.680538 114.212509
193 22.543083 113.950684
194 22.554817 113.91465
195 22.584499 114.101318
196 22.539034 114.114586
197 22.67485 113.822914
198 22.583317 113.949448
199 22.568968 114.096214
200 22.539568 114.043648
