1 22.593451 114.048836
2 22.73654 114.242813
3 22.614529 114.131599
4 22.486668 113.925232
5 22.53005 114.032181
6 22.539108 114.120544
7 22.5391388889 113.912641556
8 22.539019 114.116051
9 22.651382 113.815414
10 22.583061 114.099831
11 22.524754 113.924667
12 22.706659 114.080368
13 22.514151 114.048737
14 22.567551 114.10717
15 22.540667 114.013031
16 22.542282 114.035652
17 22.569616 114.166183
18 22.5384716667 114.045926333
19 22.611134 114.070503
20 22.54855 114.135468
21 22.518167 113.927597
22 22.517517 114.063751
23 22.516968 113.928703
24 22.6494255 113.8180655
25 22.522484 114.042969
26 22.568983 113.917366
27 22.533733 114.11208175
28 22.542823 114.052055333
29 22.54385 113.918983
30 22.54295 114.099548
31 22.519833 114.062401
32 22.538733 113.915649
33 22.519783 113.922546
34 22.552883 113.906982
35 22.534641 114.075691
36 22.541817 113.927299
37 22.639317 113.822098
38 22.54595 113.936729
39 22.551901 114.035797
40 22.543617 114.091202
41 22.5352 114.053864
42 22.537149 113.992302
43 22.58255 114.054115
44 22.517782 114.062485
45 22.536751 114.063019
46 22.527082 114.069366
47 22.523417 114.0326
48 22.592518 113.87912
49 22.546034 114.105431
50 22.56415 113.8925515
51 22.522617 114.033333
52 22.565983 113.925934
53 22.557583 114.120918
54 22.546633 114.081413
55 22.542917 114.115868
56 22.5767 114.120636
57 22.539766 113.969986
58 22.519449 113.915482
59 22.548067 114.127068
60 22.531467 114.066254
61 22.542467 114.074448
62 22.52565 113.905136
63 22.543249 114.095215
64 22.528282 114.04483
65 22.539301 113.912315
66 22.526833 114.020081
67 22.593634 113.867798
68 22.536966 113.944916
69 22.670742 114.038322
70 22.541683 114.108353
71 22.539883 114.027802
72 22.541178 114.119987
73 22.576349 114.116852
74 22.647333 113.816231
75 22.537718 114.008118
76 22.540167 114.081764
77 22.650101 114.036964
78 22.603768 113.933542083
79 22.523367 114.060417
80 22.540199 114.00943
81 22.537783 114.072098
82 22.552045 113.965522667
83 22.523884 114.067947
84 22.533234 113.915833
85 22.556482 114.136681
86 22.551718 114.062569
87 22.540359 113.967178
88 22.5964606667 114.05454
89 22.598883 114.112297
90 22.648848 113.817215
91 22.535601 113.917053
92 22.5339941667 114.047851167
93 22.537201 114.072037
94 22.532351 114.038963
95 22.541117 114.008049
96 22.5571 114.099533
97 22.540567 114.118896
98 22.513517 114.042648
99 22.524332 113.987747
100 22.53525 114.07933
101 22.567516 114.091003
102 22.543133 114.081749
103 22.5268835 113.927959
104 22.560833 114.128365
105 22.6196 113.871735
106 22.541849 113.949883
107 22.62575 114.034019
108 22.617033 114.133217
109 22.534184 114.113533
110 22.519518 113.911781
111 22.5611 114.176498
112 22.518267 114.052399
113 22.557966 114.045303
114 22.648701 113.832932
115 22.551733 114.090263
116 22.540667 114.123367
117 22.509768 113.915352
118 22.543083 113.963631
119 22.535482 113.914665
120 22.514433 114.057404
121 22.611317 114.127831
122 22.525217 114.027252
123 22.580084 114.114799
124 22.540318 114.01825
125 22.533249 114.045769
126 22.53776 114.064072
127 22.530216 114.034081
128 22.6381 114.095985
129 22.605482 114.101631
130 22.648167 114.074501
131 22.640583 113.83857
132 22.650917 113.814735
133 22.553801 114.104019
134 22.649567 113.833069
135 22.528521 114.046295
136 22.579617 114.102165
137 22.661083 114.013664
138 22.570217 113.879768
139 22.579067 113.893951
140 22.583282 113.897202
141 22.569967 113.853065
142 22.750799 113.580566
143 22.586 113.890533
144 22.585117 113.858566
145 22.659184 113.892548
146 22.662355 114.287773
147 22.576788 114.122261
148 22.555349 114.013496
149 22.550783 114.081581
150 22.583172 113.900299
151 22.619259 114.151016
152 22.661001 114.008141
153 22.737135 114.273277
154 22.582352 113.865372
155 22.716833 114.267052
156 22.739992 114.267204
157 22.650484 113.917099
158 22.650791 113.814407
159 22.661253 114.016937
160 22.728889 114.043709
161 22.726557 114.233353
162 22.580908 113.88131
163 22.59483325 114.128862
164 22.587812 113.893379
165 22.562153 113.898041
166 22.669895 113.920349
167 22.598978 114.123238
168 22.586092 113.878998
169 22.596043 114.122162
170 22.730762 113.802208
171 22.518066 113.922264
172 22.567682 114.229469
173 22.76825 113.848747
174 22.540138 114.028923
175 22.487583 113.910553
176 22.547501 114.084114
177 22.543449 114.093964
178 22.529966 113.947502
179 22.549517 114.067802
180 22.548483 114.067764
181 22.5826665 113.8582265
182 22.993349 113.884514
183 22.55595 114.038765
184 22.654453 114.01944
185 22.551685 114.137466
186 22.556467 114.043884
187 22.5287945 114.070671
188 22.545328 114.07605
189 22.538218 113.951935
190 22.557199 114.086632
191 22.531616 114.04718
192 22.545183 114.125336
193 22.55065 114.11692
194 22.536966 113.922615
195 22.5362028333 114.01155675
196 22.568632 114.04287
197 22.56015 114.01487
198 22.5399 113.972214
199 22.524401 114.046097
200 22.562433 114.140816
201 22.536432 113.910271
202 22.619667 114.135803
203 22.553867 114.143646
204 22.539667 114.116417
205 22.550768 114.062653
206 22.539516 113.979767
207 22.546499 113.940582
208 22.522383 113.928818
209 22.542067 114.113548
210 22.554983 114.062531
211 22.57190325 113.9397795
212 22.552799 114.08223
213 22.540434 114.07962
214 22.544067 113.927032
215 22.5359 113.992485
216 22.5709 114.088936
217 22.53145 114.048203
218 22.547701 114.141533
219 22.650467 113.816368
220 22.570333 114.066902
221 22.5777 114.063431
222 22.538033 114.08165
223 22.531082 114.045815
224 22.549467 114.134247
225 22.535168 113.914299
226 22.545584 114.120003
227 22.55615 114.094803
228 22.590532 113.949921
229 22.559267 113.9958765
230 22.648899 113.832733
231 22.530821 114.037117
232 22.542107 114.113739
233 22.650221 113.816498
234 22.550489 114.125748
235 22.565989 114.137291
236 22.531933 114.0242
237 22.579208 113.950951
238 22.5333 114.047813
239 22.703051 114.044182
240 22.719618 114.238686
241 22.731768 114.222832
242 22.649384 114.034584
243 22.5413 113.920334
244 22.796482 113.791214
245 22.524717 114.060753
246 22.549334 114.047935
247 22.547083 114.137901
248 22.546183 114.106148
249 22.576151 113.860519
250 22.58765 113.906647
251 22.6479 113.827797
252 22.728018 114.281685
253 22.550501 114.043587
254 22.944668 114.649513
255 22.581751 113.862816
256 22.620716 114.028694
257 22.552532 114.035683
258 22.594019 114.110031
259 22.585672 113.96756
260 22.535316 113.999794
261 22.54895 113.918549
262 22.535151 114.05143
263 22.56085 114.116135
264 22.6779 114.053749
265 22.543158 114.08287
266 22.6195753333 113.915706667
267 22.733917 114.245865
268 22.572166 113.850983
269 22.570118 114.040436
270 22.530281 114.069519
271 22.677233 114.033333
272 22.643917 114.045364
273 22.740433 113.840553
274 22.5343 114.015137
275 22.732246 114.019409
276 22.5794156667 114.123072
277 22.54125 114.10675
278 22.55855 114.1036
279 22.5219 114.044502
280 22.549999 114.136734
281 22.532867 114.047882
282 22.577368 114.099281
283 22.6485 113.817497
284 22.6530388333 114.016635667
285 22.650932 113.814667
286 22.59705 114.119568
287 22.55505 114.123596
288 22.648649 113.82325
289 22.565384 114.118286
290 22.5432 113.919502
291 22.543383 114.089371
292 22.53791085 114.0485732
293 22.549282 114.08873
294 22.55945 113.952652
295 22.5349825 114.0821995
296 22.54615 114.1259
297 22.513 113.930916
298 22.535366 114.072083
299 22.54015 114.116898
300 22.546183 114.082298
301 22.500032 113.915787
302 22.522083 113.93338
303 22.601351 114.307716
304 22.536966 114.05777
305 22.563284 114.161034
306 22.650551 113.816315
307 22.542482 113.949165
308 22.520832 114.042519
309 22.55085 114.116814
310 22.576967 114.252548
311 22.514168 114.044914
312 22.535784 114.116302
313 22.55625 113.90448
314 22.538233 114.113403
315 22.543533 114.094383
316 22.551617 114.105568
317 22.56735 114.054367
318 22.566334 114.112083
319 22.541468 114.1091
320 22.537518 114.063049
321 22.543467 113.956779
322 22.647932 114.036285
323 22.771833 114.296936
324 22.70825 114.051468
325 22.657766 114.016731
326 22.732567 114.021385
327 22.7176 114.266136
328 22.603018 114.115952
329 22.635817 114.031784
330 22.650734 114.206833
331 22.648649 114.027901
332 22.737066 114.273399
333 22.6509 114.010818
334 22.619682 113.855247
335 22.574734 113.878716
336 22.664932 113.862518
337 22.560432 113.878502
338 22.567417 113.903816
339 22.571667 113.898636
340 22.587397 113.8775129
341 22.562183 113.903618
342 22.5993 113.843864
343 22.712717 114.04483
344 22.578425 113.8975905
345 22.655582 114.024666
346 22.58515 113.892914
347 22.680234 113.9672165
348 22.58515 113.894585
349 22.582466 113.879616
350 22.572968 113.893036
351 22.56815 113.903168
352 22.587482 113.873985
353 22.613458 113.83728575
354 22.563232 113.902733
355 22.771566 113.842087
356 22.541918 114.119652
357 22.6056461429 114.165317429
358 22.565639 114.037422
359 22.644133 113.835701
360 22.5682333333 114.113789667
361 22.5358026667 114.044341667
362 22.626833 114.055679
363 22.55205 114.076233
364 22.57025 114.125397
365 22.563883 113.952599
366 22.521667 113.923302
367 22.535183 113.910332
368 22.540968 114.114052
369 22.527599 114.059883
370 22.529802 113.923164
371 22.5849 113.90715
372 22.7005 114.224068
373 22.553432 114.130318
374 22.544167 113.930817
375 22.6194 114.151131
376 22.544933 114.084
377 22.53120075 114.06812475
378 22.573 114.117821
379 22.571133 114.06723
380 22.535467 114.115616
381 22.525482 114.051567
382 22.548918 114.131149
383 22.6513 113.814568
384 22.563917 114.042252
385 22.568983 113.921715
386 22.534918 114.02282
387 22.548332 114.000237
388 22.521282 113.923233
389 22.579268 114.12413
390 22.543333 113.915749
391 22.544733 114.085197
392 22.540234 114.081818
393 22.534117 114.113297
394 22.646517 113.816551
395 22.542351 114.048103
396 22.561684 113.886284
397 22.541866 113.917183
398 22.531334 113.993202
399 22.6509 113.814415
400 22.517651 113.902336
401 22.5515925 114.101679
402 22.600967 113.889015
403 22.540466 113.904747
404 22.545183 114.113029
405 22.556566 114.121429
406 22.543068 113.918182
407 22.580868 114.130516
408 22.507483 113.927353
409 22.53035 114.070396
410 22.531851 114.064766
411 22.484182 113.90847
412 22.651133 113.815186
413 22.5231 114.026871
414 22.556351 114.133385
415 22.5147 114.03878
416 22.549368 113.92733
417 22.526567 114.020332
418 22.546183 113.930786
419 22.547768 114.141052
420 22.555117 114.140579
421 22.538017 114.101082
422 22.547434 114.083969
423 22.530216 114.069397
424 22.585632 113.856834
425 22.556 114.220047
426 22.552982 114.126282
427 22.547251 114.108498
428 22.530283 114.06942
429 22.57905 113.910797
430 22.55299 114.10434
431 22.63131 113.93222
432 22.543802 114.071861
433 22.525785 114.059494
434 22.542192 114.009972
435 22.507971 113.924133
436 22.549128 114.078529
437 22.531389 114.062805
438 22.55545 113.905403
439 22.630117 114.065903
440 22.566084 113.860336
441 22.550266 113.92717
442 22.672649 113.920502
443 22.609283 114.138
444 22.562717 114.169815
445 22.552017 114.062599
446 22.583267 113.897163
447 22.5839446667 113.894447
448 22.677151 113.824715
449 22.574266 113.882401
450 22.649366 113.833
451 22.568855 113.901896333
452 22.593433 113.887047
453 22.71595 113.885986
454 22.673317 113.821915
455 22.57975 113.878853
456 22.5702053333 113.868257667
457 22.576982 113.894135
458 22.582317 113.879868
459 22.58765 113.883766
460 22.588699 113.89267
461 22.737083 113.841316
462 22.583067 113.88797
463 22.6454383333 113.891390667
464 22.731977 114.229462
465 22.655834 114.034409
466 22.594805 114.129082
467 22.68585 113.924965
468 22.703518 114.232002
469 22.609358 114.094849
470 22.672535 113.985146
471 22.650555 114.006874
472 22.54035 114.110466
473 22.545082 114.109047
474 22.5417165 114.0632325
475 22.623266 114.028
476 22.543844 114.120705
477 22.5325093333 114.07602775
478 22.640551 114.024948
479 22.742634 114.253765
480 22.553499 113.906586
481 22.562117 113.977966
482 22.677799 114.031769
483 22.537388 114.105156
484 22.542114 114.072189
485 22.498583 113.928749
486 22.549084 114.077682
487 22.556618 114.136765
488 22.506163 113.923889
489 22.546883 114.09127
490 22.711132 114.259018
491 22.637184 114.083661333
492 22.533716 114.051552
493 22.569977 113.891663
494 22.559999 114.082115
495 22.604782 114.099434
496 22.643417 113.836235
497 22.528168 114.0709
498 22.62295 113.8638
499 22.572367 114.10305
500 22.561436 114.099342
501 22.549084 114.130348
502 22.563683 114.049232
503 22.526833 113.92807
504 22.531 114.019569
505 22.65815 114.028549
506 22.621967 113.866882
507 22.636583 114.056503
508 22.649834 114.2015
509 22.540417 114.08168
510 22.52426 114.044449
511 22.541733 114.110367
512 22.546316 113.927452
513 22.566334 114.098434
514 22.546682 114.117386
515 22.569799 114.127014
516 22.526367 114.067368
517 22.525232 114.065804
518 22.6423 114.080849
519 22.5651583333 114.037428833
520 22.547916 114.081596
521 22.651083 113.814919
522 22.551149 114.075897
523 22.535366 113.919434
524 22.542967 114.077065
525 22.524467 113.916534
526 22.535749 114.05793
527 22.535917 114.071953
528 22.587357 114.102257
529 22.540632 114.091553
530 22.542482 114.091385
531 22.559099 114.118835
532 22.650017 113.83075
533 22.800568 113.783234
534 22.538168 114.094017
535 22.5103 113.915634
536 22.537582 114.003937
537 22.555668 114.015167
538 22.6563 113.873283
539 22.535116 113.904419
540 22.530867 114.027069
541 22.651133 113.81517
542 22.547318 114.067833
543 22.551067 114.057869
544 22.556932 113.972115
545 22.596617 114.119019
546 22.550417 114.068001
547 22.546917 114.138496
548 22.562117 114.106468
549 22.540867 114.1130905
550 22.546805 114.123064667
551 22.569799 114.127083
552 22.651083 113.814201
553 22.53405 113.937683
554 22.5573663333 113.940894667
555 22.545549 114.112221
556 22.535683 114.055984
557 22.568233 113.922752
558 22.69454 114.272705
559 22.726133 114.28743
560 22.627867 114.058098
561 22.725733 114.256981
562 22.671818 114.217331
563 22.706133 114.059799
564 22.647449 114.026985
565 22.672199 114.025436
566 22.726851 114.24305
567 22.723167 114.233582
568 22.722967 114.060532
569 22.632601 114.043114
570 22.64185 114.045937
571 22.608583 114.111664
572 22.654182 114.056114
573 22.690216 114.133934
574 22.7241 114.291382
575 22.582382 113.879768
576 22.587017 113.884117
577 22.672068 114.028717
578 22.648867 114.055901
579 22.690451 114.044296
580 22.720682 114.233635
581 22.589718 113.889465
582 22.583183 113.856598
583 22.76775 113.8299105
584 22.584949 113.893379
585 22.750168 114.274284
586 22.56955 113.892334
587 22.763567 113.804085
588 22.635418 114.055466
589 22.593149 113.887367
590 22.584284 113.867851
591 22.557367 113.903732
592 22.593033 113.880569
593 22.690968 113.807251
594 22.724768 114.227531
595 22.649851 114.042114
596 22.63485 114.019768
597 22.609783 114.144272
598 22.555567 113.954834
599 22.565317 114.051849
600 22.673901 114.051933
601 22.531384 114.056664
602 22.531633 114.046349
603 22.68096 114.204437
604 22.507483 113.922318
605 22.554182 114.139435
606 22.650618 114.206818
607 22.534367 114.015182
608 22.56419425 114.08318775
609 22.525766 114.048569
610 22.6035 114.11618
611 22.5324 113.925034
612 22.530333 114.054337
613 22.572783 114.1138
614 22.536367 114.072067
615 22.67905 113.813019
616 22.549883 114.051018
617 22.650984 113.815865
618 22.532034 114.015198
619 22.557051 114.043503
620 22.537001 114.10627
621 22.546629 114.117531
622 22.746367 113.84288
623 22.7619165 113.8371315
624 22.551849 114.035896
625 22.566017 114.099297
626 22.5409961667 114.017403083
627 22.628384 113.850868
628 22.578632 114.056847
629 22.576767 113.947266
630 22.580732 113.911079
631 22.5430995 113.980774
632 22.549683 113.928665
633 22.590317 113.872452
634 22.6469 113.816536
635 22.582567 113.895554
636 22.597683 113.893967
637 22.72945 114.267815
638 22.65546775 114.005824375
639 22.563334 113.902534
640 22.620533 113.854767
641 22.569067 113.878914
642 22.589233 113.873352
643 22.560394 113.969215
644 22.542503 113.973305
645 22.543266 114.093102
646 22.607147 114.125565
647 22.663807 114.05735
648 22.651434 113.814865
649 22.558634 114.081383
650 22.543449 114.116997
651 22.672882 114.02668
652 22.548051 113.918627667
653 22.520512 114.062111
654 22.521868 113.923683
655 22.500572 113.92054
656 22.557388 114.089325
657 22.722513 113.829514
658 22.543266 114.08802
659 22.536118 114.00547
660 22.557383 114.044518
661 22.583233 113.937263
662 22.541367 114.090698
663 22.545769 114.12587
664 22.537218 113.975426
665 22.636168 114.024467
666 22.534 114.113014
667 22.513416 113.927666
668 22.551933 114.125702
669 22.535421 114.056709
670 22.653717 114.03933
671 22.636967 114.175369
672 22.541651 114.10865
673 22.722982 114.281799
674 22.527267 113.917969
675 22.543438 114.087662
676 22.650372 113.816399
677 22.56995 114.126801
678 22.51675 114.055168
679 22.633133 114.096313
680 22.559649 113.942039
681 22.627333 114.137215
682 22.606583 114.039352
683 22.647751 114.036102
684 22.569897 114.030388
685 22.55617 114.027344
686 22.565174 113.936684
687 22.5834308571 113.982289714
688 22.496567 113.913185
689 22.590633 114.109451
690 22.530567 114.03817
691 22.603933 113.809731
692 22.5875 113.872131
693 22.672899 113.921951
694 22.683533 113.940201
695 22.5714 113.897034
696 22.625168 113.855003
697 22.561333 113.904549
698 22.677683 113.946053
699 22.572018 113.875603
700 22.737167 113.841469
701 22.624733 114.034447
702 22.575333 113.89592
703 22.619633 114.119133
704 22.693501 114.035896
705 22.663717 113.996048
706 22.565416 113.879082
707 22.58255 113.882591
708 22.716676 114.270134
709 22.624662 114.055801
710 22.564075 113.901817
711 22.702993 114.03157
712 22.644491 114.027596
713 22.727137 113.837997
714 22.736233 114.255615
715 22.725183 114.225487
716 22.531151 114.044502
717 22.534588 114.009323
718 22.653168 114.194298
719 22.563116 114.170082
720 22.5739 113.856171
721 22.551647 114.083389
722 22.514999 113.906898
723 22.605749 114.165802
724 22.5662745 114.1175995
725 22.663683 114.057281
726 22.527149 113.919067
727 22.570383 113.876717
728 22.718033 114.266815
729 22.5672591667 114.102047167
730 22.543083 114.081352
731 22.523228 114.044762
732 22.6062826667 113.952403417
733 22.576719 113.882957
734 22.633101 114.052353
735 22.512632 113.916985
736 22.652454 114.038651
737 22.719534 114.24752
738 22.554583 114.065399
739 22.560883 113.946732
740 22.656349 114.020203
741 22.5230917143 114.048552571
742 22.536266 113.927071
743 22.552782 114.035652
744 22.5404 113.947334
745 22.579149 114.115585
746 22.649433 113.816963
747 22.562349 113.966698
748 22.7146 114.23893
749 22.750435 113.840286
750 22.54855 114.008369
751 22.547483 114.076019
752 22.614918 113.853065
753 22.518333 114.03347
754 22.523533 114.044746
755 22.5533335 114.133633
756 22.562532 114.034851
757 22.52615 114.066917
758 22.545668 114.058418
759 22.54405 114.088036
760 22.543751 114.091202
761 22.542549 114.020065
762 22.6488146667 113.817279417
763 22.547033 114.112549
764 22.535418 113.926865
765 22.540216 114.08165
766 22.524584 114.053932
767 22.55125 114.065964
768 22.543034 114.115768
769 22.52285 113.970467
770 22.5596393077 114.176597308
771 22.534149 113.962082
772 22.545782 114.11335
773 22.549601 114.13517
774 22.555918 114.148315
775 22.553232 113.928749
776 22.5411 114.115517
777 22.55895 114.078049
778 22.56595 114.049316
779 22.523367 113.920219
780 22.569767 114.127113
781 22.56815 113.916801
782 22.539066 113.988686
783 22.531633 114.057732
784 22.573964 113.873166286
785 22.538366 114.10537
786 22.548117 114.110252
787 22.627666 113.844398
788 22.540567 114.10685
789 22.537451 114.087486
790 22.5509 114.1371
791 22.5432 114.08963
792 22.572399 114.103119
793 22.533916 114.051231
794 22.597883 113.873184
795 22.5488 114.046135
796 22.60095 114.169518
797 22.553101 114.12603
798 22.649733 113.833168
799 22.591534 114.016785
800 22.565832 114.117981
801 22.556049 113.899033
802 22.567883 114.092934
803 22.54405 114.081818
804 22.543417 114.083466
805 22.535784 114.115685
806 22.531418 114.05442
807 22.653816 114.07225
808 22.674999 113.980217
809 22.666218 114.017014
810 22.715082 114.303947
811 22.659082 114.030563
812 22.65855 114.028366
813 22.731716 114.224953
814 22.728518 114.224236
815 22.666149 114.016914
816 22.665716 114.01133
817 22.690434 114.23275
818 22.6481 114.036301
819 22.733667 114.27697
820 22.604483 114.111832
821 22.609501 114.11232
822 22.545033 113.995544
823 22.531042 114.044594
824 22.5895995 113.8892175
825 22.649782 114.033714
826 22.603783 113.809914
827 22.688482 113.965698
828 22.589199 113.873283
829 22.644821 113.988374286
830 22.583733 113.899666
831 22.611868 114.124298
832 22.666468 114.011269
833 22.665033 114.024879
834 22.564251 113.886986
835 22.768917 113.818268
836 22.667999 114.02018
837 22.531218 114.049103
838 22.569901 114.12677
839 22.543083 114.099648
840 22.607416 114.12075
841 22.523968 113.94902
842 22.647318 113.816101
843 22.633499 114.088036
844 22.720682 113.800682
845 22.531633 114.07122
846 22.51755 113.922134
847 22.549467 114.0504
848 22.555683 113.904984
849 22.552317 114.00882
850 22.539883 114.111633
851 22.576532 113.885262
852 22.555267 114.123497
853 22.58515 113.892937
854 22.543182 114.10495
855 22.611418 114.146965
856 22.5373 114.086716
857 22.517633 114.062836
858 22.665632 114.024132
859 22.570417 114.113419
860 22.6485 114.036598
861 22.671232 114.024498
862 22.620184 114.105148
863 22.56423925 114.08569725
864 22.531633 114.05677
865 22.543432 114.084114
866 22.646643 113.816315
867 22.735523 113.809708
868 22.546917 114.076569
869 22.589317 113.887733
870 22.526333 114.062981
871 22.664368 114.0177
872 22.537268 114.1054
873 22.535437 114.115715
874 22.54385 114.052160083
875 22.546667 113.944702
876 22.532633 114.047897
877 22.541767 114.007233
878 22.5376 113.974236
879 22.537382 114.086136
880 22.54665 113.927299
881 22.54175 114.091148
882 22.537933 114.019035
883 22.5422 114.104286
884 22.562082 113.940666
885 22.556467 114.015518
886 22.574499 114.106552
887 22.551783 114.117264
888 22.600918 114.315018
889 22.53615 113.989235
890 22.543716 114.0672
891 22.555717 113.90477
892 22.543118 114.081917
893 22.624384 114.104897
894 22.542534 114.120514
895 22.571966 113.949715
896 22.556667 114.19355
897 22.5518 114.094353
898 22.556168 114.084152
899 22.807117 113.864532
900 22.538683 114.081833
901 22.489332 113.930847
902 22.539034 114.068047
903 22.635799 113.84243
904 22.651051 113.814934
905 22.544149 114.123985
906 22.57025 114.127014
907 22.519318 114.0317
908 22.561899 114.090401
909 22.549982 114.081215
910 22.520901 114.046936
911 22.53215 114.044502
912 22.5518 114.076134
913 22.599684 113.843781
914 22.5418 113.94767
915 22.508066 113.928299
916 22.540483 113.968369
917 22.5479603333 114.132909
918 22.5492 114.036484
919 22.564983 114.104149
920 22.551399 114.063332
921 22.540167 114.104919
922 22.524782 114.044029
923 22.547417 114.075951
924 22.48735 113.908585
925 22.536966 114.072014
926 22.535351 114.056831
927 22.569218 114.09687
928 22.534616 114.114082
929 22.651632 113.815598
930 22.607866 113.882164
931 22.567984 114.13678
932 22.5905 114.006165
933 22.52707975 114.07137125
934 22.591984 113.948883
935 22.558649 114.114548
936 22.538116 114.103531
937 22.568167 114.094467
938 22.641701 114.122971
939 22.533583 114.044685
940 22.528618 114.044983
941 22.623899 113.861397
942 22.532667 113.965401
943 22.555433 114.099281
944 22.612034 113.854767
945 22.537317 114.081383
946 22.531683 114.114235
947 22.632917 114.032249
948 22.648567 114.027946
949 22.641867 114.022346
950 22.723801 114.259186
951 22.728451 114.250031
952 22.719316 114.239098
953 22.684334 113.928497
954 22.651417 113.814583
955 22.647383 114.026901
956 22.661217 114.017281
957 22.633284 114.055946
958 22.663683 114.057465
959 22.614416 114.111954
960 22.6113 114.108047
961 22.756317 114.031181
962 22.628584 114.078934
963 22.715683 114.249565
964 22.6106 114.115784
965 22.542757 114.123657
966 22.665934 113.803268
967 22.582067 113.865036
968 22.586718 113.87925
969 22.560749 113.892769
970 22.724051 114.292
971 22.622133 114.13942
972 22.582382 113.879547
973 22.706217 114.228836
974 22.578951 113.883469
975 22.586733 113.889
976 22.587151 113.888802
977 22.660618 114.055901
978 22.570868 113.8713
979 22.620268 113.85463
980 22.662849 113.857384
981 22.569883 113.86422
982 22.57345 113.8638
983 22.664749 114.017487
984 22.58235 113.879768
985 22.619932 113.859718
986 22.654234 114.072815
987 22.73675 114.272766
988 22.574568 113.89135
989 22.525517 114.051567
990 22.569599 113.896133
991 22.651203 114.197792
992 22.554359 114.115379
993 22.541185 114.081696
994 22.644934 114.015617
995 22.534342 114.052517
996 22.557684 114.13588
997 22.672283 113.81102
998 22.58684 114.052895
999 22.508001 113.918961
1000 22.535683 113.910416
1001 22.54425 114.12587
1002 22.564751 113.946152
1003 22.52845 113.926964
1004 22.555803 113.90493
1005 22.608633 114.138214
1006 22.518053 114.050858
1007 22.544001 114.03672
1008 22.550083 114.113029
1009 22.558599 113.961151
1010 22.673349 113.821915
1011 22.570967 113.898087
1012 22.571283 113.893181
1013 22.541668 113.934601
1014 22.65135 113.814285
1015 22.556875 113.903999
1016 22.653517 114.073532
1017 22.526966 114.031151
1018 22.546368 114.11615
1019 22.518368 114.062286
1020 22.648617 113.832848
1021 22.568768 114.067451
1022 22.544317 114.123947
1023 22.565283 113.930618
1024 22.530382 114.070633
1025 22.546967 114.018051
1026 22.537251 114.014297
1027 22.5446 114.04393
1028 22.544666 114.125931
1029 22.547783 114.068367
1030 22.546383 114.114586
1031 22.538982 114.018051
1032 22.555782 113.89695
1033 22.521317 113.948898
1034 22.5275915 114.064133
1035 22.547968 114.121864
1036 22.535299 114.050964
1037 22.521282 114.053314
1038 22.614983 113.835815
1039 22.542368 114.010399
1040 22.535282 114.055946
1041 22.567932 113.951782
1042 22.652433 114.021049
1043 22.672216 114.025566
1044 22.546133 114.137436
1045 22.545183 114.125298
1046 22.530268 114.069702
1047 22.520933 113.93055
1048 22.546633 114.11792
1049 22.524517 113.932716
1050 22.568333 114.137833
1051 22.523666 114.068031
1052 22.556601 113.960854
1053 22.528168 114.028954
1054 22.5446 114.124069
1055 22.520468 114.04583
1056 22.545349 113.938271
1057 22.497549 113.885986
1058 22.538218 114.092064
1059 22.580816 113.863266
1060 22.562468 113.939384
1061 22.55805 114.069466
1062 22.570299 114.101265
1063 22.51325 113.927483
1064 22.536966 114.07193
1065 22.651434 113.815102
1066 22.545349 114.081566
1067 22.57725 114.126846
1068 22.538418 113.908783
1069 22.537399 114.026466
1070 22.531334 114.067116
1071 22.548651 113.945129
1072 22.538584 114.027847
1073 22.559267 114.115448
1074 22.530533 114.038383
1075 22.522818 113.962547
1076 22.579582 113.849403
1077 22.587099 113.871582
1078 22.718567 114.027046
1079 22.705601 113.806801
1080 22.582233 113.88298
1081 22.578882 113.899963
1082 22.57695 113.859886
1083 22.689383 113.951248
1084 22.584883 113.893967
1085 22.651199 113.814117
1086 22.594999 114.046486
1087 22.5846665 113.8922155
1088 22.6322 113.859535
1089 22.583467 113.943199
1090 22.517467 114.063568
1091 22.580299 113.885567
1092 22.57015 114.126549
1093 22.523733 114.037216
1094 22.5327 113.943565
1095 22.55315 114.222916
1096 22.725924 114.257515
1097 22.7274718 114.2333662
1098 22.702253 113.81514
1099 22.725727 114.261375
1100 22.562733 113.892792
1101 22.577175 113.897972
1102 22.574585 113.874184
1103 22.728098 114.265472
1104 22.625607 114.111069
1105 22.701338 114.097115
1106 22.566004 113.89859
1107 22.5816183333 113.892501667
1108 22.676802 114.031288
1109 22.594624 114.129166
1110 22.587715 113.874321
1111 22.576534 113.89579
1112 22.588827 113.888275
1113 22.634239 114.049889
1114 22.719736 114.024719
1115 22.568319 113.894882
1116 22.659491 114.030235
1117 22.649183 113.825081
1118 22.545078375 114.134952375
1119 22.618366 114.1203
1120 22.544399 114.115631
1121 22.583218 113.912117
1122 22.571133 113.890617
1123 22.518717 114.062576
1124 22.553133 114.035469
1125 22.525883 114.032364
1126 22.545433 114.117332
1127 22.5193 114.03672
1128 22.5495 114.076149
1129 22.624689 114.033699
1130 22.636078 113.823898
1131 22.647284 113.833481
1132 22.543367 113.914703
1133 22.601816 113.863029
1134 22.535872 114.013527
1135 22.543633 114.11525
1136 22.768351 113.849014
1137 22.521383 114.051102
1138 22.564318 113.890297
1139 22.709932 113.811317
1140 22.5799443333 113.861439667
1141 22.547832 113.90937
1142 22.545387 114.08165
1143 22.588551125 114.053525
1144 22.579018 113.886803
1145 22.572416 114.102547
1146 22.577 114.116631
1147 22.531218 114.024666
1148 22.51985 113.922432
1149 22.579967 114.116432
1150 22.530622 114.062851
1151 22.57007 114.053719
1152 22.549204 114.036385
1153 22.556213 114.043846
1154 22.548796 114.125854
1155 22.735184 113.988403
1156 22.563055 114.038361
1157 22.506456 113.943336
1158 22.502617 113.920021
1159 22.556477 114.041725
1160 22.53368 113.914047
1161 22.5254663333 114.027191
1162 22.547291 114.121948
1163 22.586025 113.906136
1164 22.522905 114.044701
1165 22.563341 114.1399
1166 22.550274 114.044151
1167 22.578484 113.892784
1168 22.723618 114.058929
1169 22.57025 113.879784
1170 22.587017 113.872864
1171 22.55995 113.872818
1172 22.582518 113.879532
1173 22.806032 113.734596
1174 22.632851 113.841064
1175 22.665916 114.015221
1176 22.579184 113.891914
1177 22.665817 113.920486
1178 22.656782 114.014687
1179 22.5839995 113.903183
1180 22.63875 113.925751
1181 22.566784 113.895081
1182 22.65085 113.814247
1183 22.671 114.024132
1184 22.581932 113.89637
1185 22.651172 113.81430025
1186 22.566965 114.16555
1187 22.5543425 114.139843
1188 22.563557 113.884048
1189 22.543949 113.91301
1190 22.731153 114.272224
1191 22.573549 113.892372
1192 22.602598 113.881531
1193 22.573017 113.956184
1194 22.5481 114.070984
1195 22.633368 114.052299
1196 22.5721 113.911217
1197 22.924417 113.676918
1198 22.56442675 113.889568667
1199 22.585033 113.877815
1200 22.676666 113.814934
1201 22.547434 114.141266
1202 22.637333 114.021515
1203 22.521618 114.041901
1204 22.623301 114.122704
1205 22.648434 113.832916
1206 22.548983 114.104866
1207 22.637903 113.840736
1208 22.531597 114.055687
1209 22.515167 114.054901
1210 22.543167 114.070015
1211 22.553417 114.115349
1212 22.705982 114.233315
1213 22.697866 114.161682
1214 22.587418 113.878464
1215 22.553534 114.125084
1216 22.536118 114.003448
1217 22.714268 114.040802
1218 22.590099 114.270531
1219 22.67235 114.025581
1220 22.676916 113.972733
1221 22.545992 114.081352
1222 22.569468 114.094948
1223 22.546516 114.117386
1224 22.567568 114.054665
1225 22.531616 114.04493
1226 22.53154 114.053093
1227 22.534267 114.114098
1228 22.541412 114.124481
1229 22.531748 114.11393
1230 22.722834 114.055336
1231 22.589237 113.90313
1232 22.537958 113.914569
1233 22.6805 114.31115
1234 22.735373 114.032715
1235 22.5382648333 113.978879333
1236 22.570124 114.037943286
1237 22.538168 114.093582
1238 22.545422 114.088448
1239 22.701166 114.042015
1240 22.525467 113.927086
1241 22.626833 114.101166
1242 22.537382 114.045876
1243 22.557129 114.093079
1244 22.567503 113.892967
1245 22.545366 114.109917
1246 22.561701 114.129669
1247 22.540083 114.016983
1248 22.636217 113.826286
1249 22.572651 113.91655
1250 22.5301 114.069283
1251 22.559134 114.125381
1252 22.57485 114.11763
1253 22.5564876667 113.939052267
1254 22.571283 114.062103
1255 22.558634 114.107201
1256 22.59618075 113.866949
1257 22.521868 113.925453
1258 22.547867 114.06942
1259 22.530416 114.069946
1260 22.648817 113.916664
1261 22.547533 114.113136
1262 22.54715 114.0681
1263 22.532749 114.047951
1264 22.639267 113.823685
1265 22.5476 114.110283
1266 22.533367 114.044746
1267 22.551683 114.087769
1268 22.529867 114.003815
1269 22.552532 113.895668
1270 22.481716 113.908669
1271 22.537701 114.047729
1272 22.566833 114.054184
1273 22.651182 113.815247
1274 22.540501 113.987686
1275 22.25955 113.577332
1276 22.558317 114.08017
1277 22.522949 113.98262
1278 22.572184 114.076614
1279 22.713533 114.04422
1280 22.578695 113.86145
1281 22.726933 114.179268
1282 22.719151 114.026184
1283 22.751516 114.266251
1284 22.691126 114.035507
1285 22.635748 113.842232
1286 22.564308 113.9045675
1287 22.586582 113.873085
1288 22.600134 113.876968
1289 22.651167 113.814285
1290 22.516768 113.933899
1291 22.629583 113.848999
1292 22.5359 114.111
1293 22.6504 113.814232
1294 22.545433 114.1259
1295 22.5485 113.982864
1296 22.536301 114.11647
1297 22.536467 114.02317
1298 22.546427 114.035484
1299 22.524733 114.053734
1300 22.511118 114.05143
1301 22.567034 114.161247
1302 22.6724 114.217102
1303 22.5306915 114.071556
1304 22.587016 114.1336175
1305 22.579201 113.879601
1306 22.729862 113.837898
1307 22.538128 114.099541
1308 22.624317 113.86058
1309 22.553932 113.922935
1310 22.559282 114.082153
1311 22.544001 114.08152
1312 22.565345 114.030878667
1313 22.543234 113.919769
1314 22.646799 114.037186
1315 22.5844 113.890182
1316 22.566833 113.929733
1317 22.534533 114.114067
1318 22.498449 113.928802
1319 22.6746121 113.8228633
1320 22.727568 114.266853
1321 22.537617 114.119766
1322 22.699484 114.241631
1323 22.7268258 114.2638656
1324 21.834551 112.599052
1325 22.547899 114.112663
1326 22.55855 114.11528
1327 22.68405 114.149567
1328 22.531517 114.064468
1329 22.542351 114.118347
1330 22.568533 114.121552
1331 22.551849 114.091301
1332 22.585966 113.875847
1333 22.535433 113.911049
1334 22.522682 113.971786
1335 22.581841 113.889221
1336 22.593533 113.870285
1337 22.536583 114.072098
1338 22.531401 114.063965
1339 22.7022378333 114.241683
1340 22.700953 113.827614
1341 22.5848420833 113.9892375
1342 22.5354 114.051331
1343 22.545532 114.110786
1344 22.547033 114.129585
1345 22.768848 113.843948
1346 22.536818 114.019081
1347 22.5658740833 114.056648833
1348 22.6509 113.814217
1349 22.647318 113.815964
1350 22.626833 114.026581
1351 22.6171342857 113.888327429
1352 22.560458 114.0235825
1353 22.547667 114.110268
1354 22.605583 113.883797
1355 22.64115 114.032867
1356 22.708111 114.060143
1357 22.566317 114.048836
1358 22.662184 114.012604
1359 22.625217 113.858147
1360 22.567818 114.121819
1361 22.664505 114.199074
1362 22.524423 114.046735
1363 22.556049 114.015831
1364 22.554398 113.914398
1365 22.594917 114.028603
1366 22.52578 114.059219
1367 22.541599 114.119682
1368 22.544683 114.110901
1369 22.651733 113.815247
1370 22.538767 114.067619
1371 22.535017 114.071915
1372 22.556116 113.899071
1373 22.534149 114.058098
1374 22.548117 114.033813
1375 22.519016 114.063118
1376 22.550133 114.068031
1377 22.5240165 114.054081
1378 22.533216 114.051216
1379 22.537317 114.107834
1380 22.54365 114.099586
1381 22.651051 113.815048
1382 22.558783 114.148087
1383 22.658649 114.02195
1384 22.531082 114.069435
1385 22.538349 114.112366
1386 22.524717 114.046471
1387 22.615017 114.123451
1388 22.536882 114.071953
1389 22.550583 114.091103
1390 22.539749 114.121117
1391 22.6493742 113.8183092
1392 22.619368 113.872086
1393 22.6204476667 114.023628
1394 22.531473 114.057251
1395 22.541862 114.097099
1396 22.639948 113.839165
1397 22.6215883333 113.938161
1398 22.571802 113.949677
1399 22.58366 114.113525
1400 22.5759666667 114.242381
1401 22.513115 113.930214
1402 22.534496 114.078468
1403 22.5773619167 113.888314167
1404 22.6721 114.026733
1405 22.658783 114.024368
1406 22.537811 114.005348
1407 22.5758 114.060616
1408 22.677217 113.98983
1409 22.677032 114.031166
1410 22.634251 114.031784
1411 22.525995 114.058815
1412 22.682901 114.005119
1413 22.724583 114.245453
1414 22.664284 114.011818
1415 22.561863 114.025581
1416 22.532183 114.015182
1417 22.5222015 114.0569155
1418 22.7314995 113.8277435
1419 22.587082 113.884499
1420 22.488762 113.911285
1421 22.5565835 114.098183
1422 22.5276715714 114.044533571
1423 22.520666 114.046631
1424 22.569433 114.097298
1425 22.526318 114.05143
1426 22.571056 114.120049
1427 22.528809 113.923111
1428 22.6633443333 113.824999667
1429 22.550264 114.132187
1430 22.624132 114.034653
1431 22.541782 113.946831
1432 22.5789585 113.8895415
1433 22.698334 114.121567
1434 22.72821 113.837311
1435 22.64535 114.034554
1436 22.627382 113.852333
1437 22.72735 113.902802
1438 22.670282 114.2164
1439 22.7351 113.800751
1440 22.535807 113.939819
1441 22.553383 113.97583
1442 22.584766 113.892883
1443 22.572599 113.883934
1444 22.573084 113.886436
1445 22.605249 113.865669
1446 22.7236 114.282082
1447 22.6828 113.989983
1448 22.713398 113.820709
1449 22.53167 113.993423
1450 22.566883 114.136185
1451 22.606716 114.124847
1452 22.575483 114.108498
1453 22.560617 114.157333
1454 22.541651 114.081566
1455 22.641073 113.821091
1456 22.520267 114.062866
1457 22.544132 114.081833
1458 22.576767 114.114616
1459 22.576651 114.112335
1460 22.519199 113.931618
1461 22.505283 113.917648
1462 22.651434 113.815552
1463 22.564501 113.894714
1464 22.5339956667 114.077184
1465 22.6126 114.036919
1466 22.535534 114.05677
1467 22.488283 113.919998
1468 22.583017 113.875931
1469 22.55205 114.105484
1470 22.553967 114.11528
1471 22.547684 114.110184
1472 22.531166 114.040649
1473 22.659168 114.017082
1474 22.541782 114.106384
1475 22.542 114.11937
1476 22.666599 114.010651
1477 22.558867 114.11483
1478 22.5854437143 113.911946143
1479 22.6266 114.152283
1480 22.6575636 113.9172854
1481 22.580099 113.885849
1482 22.525949 114.044518
1483 22.566183 113.9049
1484 22.53381 114.051476
1485 22.560268 114.035942
1486 22.567368 114.136452
1487 22.5433990833 114.119618833
1488 22.667553 114.011841
1489 22.541782 114.110268
1490 22.72175 114.2379
1491 22.644567 113.819237
1492 22.729868 113.837799
1493 22.764233 113.831596
1494 22.650991 113.814362
1495 22.527933 113.930367
1496 22.672501 113.811836
1497 22.58695 113.878853
1498 22.647846 113.815903
1499 22.544416 113.910019
1500 22.7155481667 114.297853667
1501 22.684217 114.149651
1502 22.571908 113.908333
1503 22.679884 113.934692
1504 22.53829025 113.908989
1505 22.6443423333 113.827939
1506 22.552967 114.118217
1507 22.653999 114.053986
1508 22.647751 113.81958
1509 22.530233 114.044548
1510 22.522667 114.060349
1511 22.595249 114.046448
1512 22.651117 113.814514
1513 22.6415 113.82122
1514 22.548634 114.122383
1515 22.558233 114.045753
1516 22.556534 114.042068
1517 22.537317 114.0849
1518 22.5714 114.062401
1519 22.543983 114.105385
1520 22.651167 113.81427
1521 22.530233 114.019318
1522 22.542767 114.114685
1523 22.523083 114.032471
1524 22.502001 113.924431
1525 22.641434 113.837868
1526 22.537233 114.073799
1527 22.537533 114.082298
1528 22.543417 114.100281
1529 22.522966 114.042999
1530 22.546101 113.937569
1531 22.53755 114.052803
1532 22.541416 114.116081
1533 22.54845 114.035454
1534 22.732117 113.846664
1535 22.647882 114.036385
1536 22.582567 113.876915
1537 22.522167 113.908653
1538 22.56715 114.090652
1539 22.666634 114.0895
1540 22.683132 113.933998
1541 22.64785 113.819099
1542 22.8060646667 113.821294333
1543 22.779655 113.888168
1544 22.738449 114.262886
1545 22.527325 114.04142
1546 22.650522 113.833107
1547 22.515617 114.038651
1548 22.5442817143 114.1350875
1549 22.605833 113.865219
1550 22.539316 114.106018
1551 22.6381 114.03373
1552 22.65155 114.026031
1553 22.543484 114.093964
1554 22.625401 114.027328
1555 22.631903 114.052429
1556 22.624567 114.059669
1557 22.53545 114.058479
1558 22.638718 113.835381
1559 22.534267 114.114281
1560 22.527046 114.066696
1561 22.713318 114.043831
1562 22.53825 114.09127
1563 22.524363 113.942192
1564 22.539095 114.023315
1565 22.533318 114.072014
1566 22.537382 114.107986
1567 22.619467 114.033119
1568 22.638184 114.046883
1569 22.622416 113.865112
1570 22.514795 113.921608
1571 22.536968 113.981133
1572 22.55135 114.059959
1573 22.566816 114.089249
1574 22.540686 114.049088
1575 22.720501 114.241066
1576 22.545038 114.043816
1577 22.527573 113.91613
1578 22.578899 113.879982
1579 22.5413734 114.0905748
1580 22.545799 114.11335
1581 22.562933 113.976379
1582 22.648849 113.817299
1583 22.553682 114.032303
1584 22.5728150833 113.917466
1585 22.547333 114.052498
1586 22.54645 114.081635
1587 22.546301 114.105453
1588 22.531467 114.013786
1589 22.535982 113.987564
1590 22.604717 114.050316
1591 22.546101 113.937263
1592 22.560783 114.115982
1593 22.601418 114.043297
1594 22.576418 114.115501
1595 22.529484 114.008232
1596 22.6478 113.819534
1597 22.544867 114.123932
1598 22.6508675 113.8159255
1599 22.528467 114.022049
1600 22.767384 113.898148
1601 22.567034 114.136665
1602 22.616491 114.0254745
1603 22.535383 114.048897
1604 22.531 114.0448
1605 22.832533 113.691597
1606 22.54363425 114.11076
1607 22.53145 114.050819
1608 22.516001 114.038582
1609 22.709133 113.833946
1610 22.552 113.977165
1611 22.53528025 114.074158917
1612 22.535618 114.001663
1613 22.564283 114.118446
1614 22.561382 113.970779
1615 22.54665 114.067986
1616 22.548468 114.067833
1617 22.638184 113.822731
1618 22.540833 114.099785
1619 22.712982 114.044464
1620 22.7035245 114.1128655
1621 22.748882 114.241119
1622 22.779528 113.772804
1623 22.676117 113.822037
1624 22.745951 114.132515
1625 22.627216 114.03318
1626 22.649523 113.814812
1627 22.577723 114.127914
1628 22.535316 113.919151
1629 22.581318 113.854767
1630 22.618294 114.038834
1631 22.54335 114.061493
1632 22.543217 114.080704
1633 22.554934 114.062485
1634 22.6266745 114.0569645
1635 22.721216 113.799767
1636 22.596451 113.872368
1637 22.5286252 114.0564424
1638 22.531307 113.942978
1639 22.66325 114.031754
1640 22.5311196316 114.032993737
1641 22.700033 114.221336
1642 22.5798825 113.9009325
1643 22.716217 114.243919
1644 22.557123 113.939407
1645 22.480499 113.898399
1646 22.6589585 113.999584
1647 22.650625 113.831635
1648 22.6947 113.800781
1649 22.7290886667 114.280502667
1650 22.5354626 113.9122586
1651 22.518433 114.03363
1652 22.547939 114.126503
1653 22.647583 114.008667
1654 22.629499 114.060837
1655 22.559378 114.155167
1656 22.759768 113.894997
1657 22.535732 114.002533
1658 22.699433 114.23568
1659 22.620199 114.135834
1660 22.783533 113.888664
1661 22.566788 114.036095
1662 22.544132 114.137535
1663 22.562166 114.059669
1664 22.528099 113.970497
1665 22.528767 114.063133
1666 22.5417 114.120102
1667 22.532818 114.040016
1668 22.520884 114.041679
1669 22.496033 113.912804
1670 22.518801 113.920883
1671 22.532084 114.020531
1672 22.525949 114.058136
1673 22.5378 114.015152
1674 22.53705 114.105919
1675 22.5362 114.068957
1676 22.506166 113.917999
1677 22.513651 114.040649
1678 22.537018 113.961899
1679 22.54525 114.113953
1680 22.517517 114.063385
1681 22.55945 114.125381
1682 22.541733 114.111336
1683 22.646929 113.819183
1684 22.571632 114.061356
1685 22.5339381429 114.058446857
1686 22.5918956 114.0113664
1687 22.566523 114.112083
1688 22.647751 113.823174
1689 22.54907 114.228546
1690 22.543768 114.081535
1691 22.551783 114.090286
1692 22.564783 114.097153
1693 22.528433 114.016197
1694 22.584682 113.960083
1695 22.570333 114.073051
1696 22.545883 114.082733
1697 22.5317 114.050598
1698 22.526684 114.059418
1699 22.597967 113.844749
1700 22.591232 113.901131
1701 22.5387 114.073402
1702 22.53175 114.073952
1703 22.520849 113.920799
1704 22.685551 113.825432
1705 22.735666 113.801834
1706 22.527439 113.918617
1707 22.495382 113.929527
1708 22.651182 113.814247
1709 22.670633 114.115616
1710 22.716467 114.259354
1711 22.723118 114.055435
1712 22.528952 114.049522
1713 22.572683 114.103714
1714 22.578518 113.850517
1715 22.621017 114.028564
1716 22.551128 113.908066
1717 22.711567 114.238335
1718 22.634167 113.839531
1719 22.531698 114.020737
1720 22.53784 114.071903
1721 22.560049 113.878349
1722 22.5366 114.117119
1723 22.7001 114.03598
1724 22.671333 114.024933
1725 22.722483 113.880981
1726 22.673218 113.823036
1727 22.565397 114.134644
1728 22.7232355 114.051161
1729 22.548429 114.125885
1730 22.5550969167 113.895925167
1731 22.698353 114.121353
1732 22.651634 114.026649
1733 22.576653 114.122795
1734 22.536417 114.116714
1735 22.5247 114.033813
1736 22.574284 113.855934
1737 22.580299 113.8909
1738 22.641456 113.8305015
1739 22.6364506667 114.117513
1740 22.573683 113.892334
1741 22.5438 114.091164
1742 22.622383 114.13903
1743 22.534782 114.063049
1744 22.535717 113.991936
1745 22.6154943333 113.846418
1746 22.552534 114.0356445
1747 22.543854 114.102303
1748 22.534378 114.078819
1749 22.524826 113.94426
1750 22.55179 114.114952
1751 22.544582 114.124008
1752 22.661554 113.998581
1753 22.535982 114.05825
1754 22.536417 114.006844
1755 22.517807 114.063324
1756 22.689133 113.9877245
1757 22.550175 114.113083
1758 22.556376 114.146295
1759 22.543091 114.076286
1760 22.552198 114.100853
1761 22.535851 113.910454
1762 22.61405 113.857201
1763 22.521317 114.041969
1764 22.555651 114.081398
1765 22.54895 114.132317
1766 22.5446878333 114.084441417
1767 22.743656 113.850662
1768 22.5581 114.064651
1769 22.575766 113.896309
1770 22.56146 114.121101
1771 22.6978 114.041634
1772 22.601786 114.047684
1773 22.54615 114.133301
1774 22.547367 114.141319
1775 22.5677925833 114.063190083
1776 22.735346 113.805542
1777 22.64855 113.8153
1778 22.72105 114.213219
1779 22.635983 113.842285
1780 22.650801 113.814346
1781 22.620317 114.105103
1782 22.55825 114.015617
1783 22.5863 113.986382
1784 22.5112 114.051453
1785 22.555166 114.078766
1786 22.558733 114.104347
1787 22.726917 114.179298
1788 22.738518 114.262817
1789 22.543528 113.944908
1790 22.539894 114.01799
1791 22.628717 114.099617
1792 22.730413 113.820457
1793 22.591303 113.879662
1794 22.525766 114.051552
1795 22.635366 113.838402
1796 22.538982 114.07415
1797 22.637133 113.841217
1798 22.488951 113.928169
1799 22.608433 114.037582
1800 22.536766 113.939415
1801 22.5429 113.946365
1802 22.743692 113.825241
1803 22.537933 113.973869
1804 22.516268 113.92382
1805 22.52556 113.928993
1806 22.645166 113.864807
1807 22.743046 113.843658
1808 22.649817 113.833214
1809 22.52375 114.031883
1810 22.771473 113.842255
1811 22.537483 114.048164
1812 22.524967 113.924736
1813 22.551817 114.0811
1814 22.5376 114.053253
1815 22.538668 113.919685
1816 22.664433 114.012131
1817 22.48995 113.919464
1818 22.548782 114.130936
1819 22.51965 113.919334
1820 22.540289 113.972343
1821 22.550249 114.136818
1822 22.538366 114.027885
1823 22.5387056667 114.120013
1824 22.535183 114.060165
1825 22.537251 114.014114
1826 22.558884 114.090797
1827 22.57575 114.117348
1828 22.643232 113.823601
1829 22.594833 114.110382
1830 22.548876 113.899628
1831 22.544125 113.93087
1832 22.537968 114.016487
1833 22.533897 114.010574
1834 22.563419 114.06234
1835 22.543182 114.0121
1836 22.556566 113.959198
1837 22.542868 114.08152
1838 22.621933 113.866882
1839 22.535851 114.068115
1840 22.533216 114.047798
1841 22.614483 114.131371
1842 22.555599 114.081314
1843 22.530483 114.02375
1844 22.571449 113.89447
1845 22.518867 113.931435
1846 22.554964 113.929619
1847 23.209332 113.247719
1848 22.668913 113.812233
1849 22.680033 114.212769
1850 22.568466 114.117729
1851 22.535683 114.056213
1852 22.541118 113.9471705
1853 22.673452 113.821838
1854 22.565437 113.887817
1855 22.742184 113.825447
1856 22.572399 114.093201
1857 22.533716 114.111366
1858 22.7258 114.247185
1859 22.554367 114.227264
1860 22.521868 113.929947
1861 22.60755 113.840019
1862 22.518284 114.04998
1863 22.517782 114.063553
1864 22.555161 113.899872
1865 22.68405 114.029701
1866 22.731361 114.021645
1867 22.728874 113.83728
1868 22.545549 114.11602
1869 22.58165 114.101021
1870 22.549566 114.08152
1871 22.557255 113.899948
1872 22.565626 114.131607
1873 22.772034 113.842926
1874 22.555067 113.900078
1875 22.828466 113.877113
1876 22.740583 114.247803
1877 22.54232 114.110321
1878 22.555283 113.905617
1879 22.60685 114.160164
1880 22.5484375 114.110317
1881 22.545401 114.090515
1882 22.549067 114.019798
1883 22.528749 114.044968
1884 22.5844 114.112198
1885 22.5255998 113.9438708
1886 22.535999 114.111031
1887 22.552334 114.099403
1888 22.534616 114.114334
1889 22.648895 113.832855
1890 22.547253 114.099586
1891 22.539997 113.910011
1892 22.520733 113.913353
1893 22.555668 114.10408
1894 22.55735 114.226463
1895 22.534218 114.113884
1896 22.541616 114.081566
1897 22.5278995 113.935059
1898 22.560616 114.096291
1899 22.5767 114.135086
1900 22.521168 114.041565
1901 22.527349 113.92762
1902 22.558683 114.113968
1903 22.542233 114.120117
1904 22.545633 114.112221
1905 22.538668 113.986198
1906 22.546534 114.000084
1907 22.588201 114.0157665
1908 22.650417 113.814331
1909 22.543118 114.081718
1910 22.556883 114.043732
1911 22.651449 113.814499
1912 22.634632 114.05555
1913 22.537613 114.055809
1914 22.731617 113.817398
1915 22.535467 114.115868
1916 22.731859 114.053795
1917 22.540123 113.910057
1918 22.705116 114.041847
1919 22.5200575714 113.906723143
1920 22.559299 113.944481
1921 22.540518 114.080986
1922 22.742184 114.016685
1923 22.558783 114.154915
1924 22.643633 113.836166
1925 22.569283 114.122154
1926 22.540611 114.123688
1927 22.675432 113.943306
1928 22.578695 113.861549
1929 22.63722625 114.03289375
1930 22.551083 113.90728
1931 22.541653 114.106567
1932 22.531866 114.020851
1933 22.519382 113.931335
1934 22.521732 113.933647
1935 22.739868 113.904282
1936 22.54685 114.093636
1937 22.55467 113.899475
1938 22.5998 113.84388
1939 22.73085 113.819618
1940 22.5293153333 114.067122083
1941 22.6702 114.048767
1942 22.65388625 114.012195583
1943 22.638113 114.016312
1944 22.554995 113.89959
1945 22.5602 114.107101
1946 22.600567 114.117149
1947 22.514103 113.927528
1948 22.543034 113.918442
1949 22.591717 113.87722
1950 22.746651 113.821312
1951 22.707212 113.828644
1952 22.560492 113.897339
1953 22.544901 114.071365
1954 22.541582 114.117798
1955 22.537683 114.057983
1956 22.598633 114.045898
1957 22.556482 114.122536
1958 22.63175 114.025032
1959 22.651649 113.81498
1960 22.598133 114.297653
1961 22.6052 113.884285
1962 22.561649 114.094566
1963 22.556467 114.128151
1964 22.558933 114.11338
1965 22.56045 114.096817
1966 22.569384 114.098053
1967 22.517401 113.916031
1968 22.537117 114.057648
1969 22.528116 113.928719
1970 22.5273 114.033363
1971 22.588167 114.114502
1972 22.526867 113.943115
1973 22.584167 113.877449
1974 22.541233 114.109154
1975 22.5588 114.119118
1976 22.559883 114.097366
1977 22.536318 113.982048
1978 22.530382 114.011848
1979 22.555799 113.997368
1980 22.537033 114.108437
1981 22.546232 114.115417
1982 22.529182 113.958984
1983 22.535767 113.926865
1984 22.507683 113.93
1985 22.565283 114.121948
1986 22.541267 114.021866
1987 22.5359 114.044464
1988 22.559334 114.125183
1989 22.60475 114.128998
1990 22.596933 114.044029
1991 22.671301 113.800949
1992 22.637733 114.125298
1993 22.570833 114.088684
1994 22.558367 114.078766
1995 22.51615 114.05838
1996 22.572416 114.077385
1997 22.651367 113.814613
1998 22.708616 113.906982
1999 22.54565 113.930466
2000 22.538967 114.110703
