1 22.574333 113.927269
2 22.531467 114.063904
3 22.543949 113.918953
4 22.5399705 114.104006167
5 22.657784 113.91732
6 22.6292 114.105667
7 22.63332 114.050468
8 22.519951 114.030815
9 22.557116 114.093102
10 22.539417 113.94487
11 22.688004 113.965988
12 22.705311 114.041061
13 22.5429 114.048485
14 22.677851 114.0317
15 22.542749 114.012367
16 22.565758 113.89608
17 22.5428250833 114.088353167
18 22.64245 113.832115
19 22.56255 113.977364
20 22.657837 114.028465
21 22.507816 113.921852
22 22.541267 114.12043
23 22.5744 114.061485
24 22.588167 114.103302
25 22.672283 113.938248
26 22.647751 113.827904
27 22.540518 114.019516
28 22.682978 113.932098
29 22.546932 114.119583
30 22.5868005 114.0497245
31 22.533033 113.992851
32 22.588833 114.10453
33 22.650784 113.814552
34 22.576433 114.114487
35 22.551382 114.137199
36 22.556049 114.106148
37 22.567167 114.048767
38 22.5609 113.887703
39 22.553749 114.130249
40 22.542267 114.0457
41 22.5618 113.898003
42 22.720383 114.241096
43 22.649799 114.03463
44 22.674633 113.998451
45 22.728718 114.267647
46 22.55965 113.971016
47 22.57325 113.886681
48 22.7398234 114.01501
49 22.585217 113.892265
50 22.725933 114.257652
51 22.52195 113.925735
52 22.654118 114.192398
53 22.704866 114.26548
54 22.566784 113.908997
55 22.614783 114.1132165
56 22.550768 114.129364
57 22.538532 113.972618
58 22.631701 113.85173
59 22.735132 114.007004
60 22.53005 114.003815
61 22.529449 114.020683
62 22.543016 113.986053
63 22.638483 114.051781
64 22.711767 114.04245
65 22.566084 113.89872
66 22.558901 113.943871
67 22.580566 114.097687
68 22.549801 114.087784
69 22.555283 113.940514
70 22.56526 113.931473
71 22.564667 114.138435
72 22.6078198571 114.121580143
73 22.64805 113.820663
74 22.537367 114.009369
75 22.554199 113.90522
76 22.6506 113.816269
77 22.543068 114.064079
78 22.650679 113.832214
79 22.57465 114.138184
80 22.543699 114.089584
81 22.5284 114.05188
82 22.651667 113.815315
83 22.5516 114.082069
84 22.651333 113.814598
85 22.547716 114.067917
86 22.544167 114.145218
87 22.556784 114.128304
88 22.551033 114.087883
89 22.530399 114.044617
90 22.5527 114.102783
91 22.556799 113.904045
92 22.538933 114.120537
93 22.481833 113.907265
94 22.544399 114.129951
95 22.535482 113.94088
96 22.566282 114.049568
97 22.647917 113.818817
98 22.536417 113.981979
99 22.541317 114.093681
100 22.556362 113.904373
101 22.5981592 113.8644456
102 22.560783 113.892731
103 22.7703 113.852699
104 22.651234 113.814636
105 22.563017 114.160851
106 22.5596064167 114.017472417
107 22.558517 114.099098
108 22.789351 113.796036
109 22.559999 114.020798
110 22.581432 113.929619
111 22.622232 114.138603
112 22.533361 114.004364
113 22.583183 113.900131
114 22.674467 114.038452
115 22.54505 114.107498
116 22.522932 113.926064
117 22.672512 114.025116
118 22.635883 113.8424
119 22.551683 114.086632
120 22.542667 114.126984
121 22.546984 114.093552
122 22.627617 114.100502
123 22.509518 113.919563
124 22.648533 113.815781
125 22.641083 113.83812
126 22.579067 114.130547
127 22.531933 114.073418
128 22.530849 114.019569
129 22.57225 114.083916
130 22.543934 114.060333
131 22.595333 114.154541
132 22.527866 113.914619
133 22.550734 114.08152
134 22.6506 113.816315
135 22.534349 113.919968
136 22.658783 114.008583
137 22.647318 114.026848
138 22.576633 113.894684
139 22.644733 114.05735
140 22.644783 114.028152
141 22.536283 114.071915
142 22.537038 114.071945
143 22.520451 114.063286
144 22.530149 114.06955
145 22.601217 113.888565
146 22.579132 114.123466
147 22.5454043333 114.091821083
148 22.5196 114.058403
149 22.58984175 113.88942375
150 22.53775 114.073814
151 22.7318 114.273537
152 22.605284 114.117699
153 22.695299 113.831184
154 22.553818 113.905533
155 22.6081324615 113.889571769
156 22.696182 114.119652
157 22.621517 114.115364
158 22.702618 114.216019
159 22.537792 114.068016
160 22.575199 114.121483
161 22.526407 113.915771
162 22.535482 114.003304
163 22.547716 114.124733
164 22.572289 114.093987
165 22.577614 114.129044
166 22.571417 114.05407
167 22.840137 113.979012
168 22.566578 114.086899
169 22.561449 114.12162
170 22.647923 113.820206
171 22.568846 114.120392
172 22.637611 113.840988
173 22.535583 114.053398
174 22.545767 114.113632
175 22.57815 114.115852
176 22.537588 114.062197
177 22.617922 114.420357
178 22.5540765833 114.121132833
179 22.5504 114.134819
180 22.546516 114.117935
181 22.556065 114.149673
182 22.733713 114.254669
183 22.540117 114.057915
184 22.624983 114.104019
185 22.524967 113.914635
186 22.543133 113.904434
187 22.542967 114.050117
188 22.5392628 113.9124568
189 22.538782 114.113731
190 22.585917 114.10157
191 22.5841081818 113.892700818
192 22.648199 113.81768
193 22.5496470833 114.071524583
194 22.53558 114.052429
195 22.545115 114.10125
196 22.559048 113.943123
197 22.538383 113.992447
198 22.536568 114.116997
199 22.517759 114.062943
200 22.572351 113.892319
201 22.547817 114.071548
202 22.548866 114.116501
203 22.545851 114.125801
204 22.533266 114.06765
205 22.553783 114.22628
206 22.546167 113.9272
207 22.593027 113.88504
208 22.544201 113.909698
209 22.677876 114.031601
210 22.531982 114.070747
211 22.557249 114.04335
212 22.664965 114.017387
213 22.697149 114.227768
214 22.72365 114.218918
215 22.554167 113.905266
216 22.5147 114.039085
217 22.615932 114.108116
218 22.651548 114.025726
219 22.613422 113.837181
220 22.5375505 114.085496
221 22.531683 114.050133
222 22.550249 114.116852
223 22.56995 113.962753
224 22.533983 114.047897
225 22.522217 113.932281
226 22.64595 113.817848
227 22.517918 113.90033
228 22.5543 114.099503
229 22.553101 114.043549
230 22.559032 114.099319
231 22.521317 113.923248
232 22.536934 114.071953
233 22.556232 113.898582
234 22.5368 114.009331
235 22.5429 114.124016
236 22.52297 113.922211
237 22.579517 113.879517
238 22.594482 113.880951
239 22.554667 114.065697
240 22.545267 114.059067
241 22.540216 114.124046
242 22.523968 114.060204
243 22.517982 113.921951
244 22.61875 113.873131
245 22.530001 114.002365
246 22.5285 114.051598
247 22.674433 114.044853
248 22.61005 114.126167
249 22.651083 113.814651
250 22.551989 114.100807
251 22.563463 114.103828
252 22.538134 114.093285
253 22.543238 113.95829
254 22.5476 114.141548
255 22.540171 114.028465
256 22.655251 114.025681
257 22.628767 114.101265
258 22.551317 113.942764
259 22.5942044286 113.848002
260 22.534368 114.102241333
261 22.541855 114.09697
262 22.538561 114.010788
263 22.653482 114.022202
264 22.531122 113.916443
265 22.508093 113.943199
266 22.542694 113.93383
267 22.651466 114.02607
268 22.555813 114.000107
269 22.728434 114.234215
270 22.6091496667 114.128464
271 22.549053 114.104996
272 22.661249 114.028084
273 22.522173 114.0430795
274 22.5323723333 114.070719
275 22.505333 113.92775
276 22.6578085 114.030525
277 22.499722 113.917877
278 22.54567 114.062737
279 22.545431 114.060249
280 22.7480915 114.266449
281 22.527983 114.03376
282 22.529146 113.996338
283 22.6423 114.045349
284 22.6688 114.020737
285 22.676211 114.024142
286 22.548613 114.099586
287 22.545219 114.081581
288 22.535837 114.110924
289 22.530588 114.05117
290 22.569002 114.138123
291 22.553259 113.911819
292 22.546553 114.11734
293 22.551554 114.125687
294 22.557333 114.0928345
295 22.5585053333 114.002446667
296 22.610306 114.158981
297 22.523071 113.921799
298 22.53775 114.092514
299 22.536737 113.98085
300 22.576633 114.112549
301 22.537138 113.950172
302 22.533218 114.077827
303 22.523535 113.94873
304 22.547951 114.118629
305 22.536751 114.024002
306 22.522682 113.975182
307 22.535482 113.915398
308 22.556433 114.104897
309 22.569983 113.98732
310 22.573479 114.067337
311 22.670134 114.025764
312 22.650831 113.814201
313 22.654533 114.024048
314 22.5518 114.088753
315 22.5317 114.028252
316 22.69545 114.252518
317 22.5184 113.92115
318 22.517681 114.063637
319 22.523527 114.059578
320 22.523727 114.068527
321 22.577316 114.115532
322 22.600117 114.122749
323 22.641899 114.172935
324 22.67235 113.921631
325 22.528633 113.995819
326 22.712317 114.044769
327 22.535589 114.115738
328 22.650249 114.03672
329 22.614918 114.047165
330 22.6515665 114.0265425
331 22.649799 113.816666
332 22.7169393529 114.047869118
333 22.609383 114.13797
334 22.524567 113.988983
335 22.617367 114.030167
336 22.639784 113.834648
337 22.546967 114.137253
338 22.527349 114.053314
339 22.559834 113.970863
340 22.560167 114.115631
341 22.54715 114.116936
342 22.561132 114.157852
343 22.5126 113.9207
344 22.558733 114.107147
345 22.566799 114.112396
346 22.538334 114.018715
347 22.54775 114.076019
348 22.550751 114.118103
349 22.543667 114.089401
350 22.559418 114.082214
351 22.559999 114.129051
352 22.541533 114.120552
353 22.537167 114.058136
354 22.5721 113.875549
355 22.595716 114.119682
356 22.661636 114.013069
357 22.538151 114.103531
358 22.72295 114.294365
359 22.540083 114.017998
360 22.702566 114.086517
361 22.746651 114.012032
362 22.57865 113.892616
363 22.678211 114.000725
364 22.572701 114.113831
365 22.642424 114.056404
366 22.545233 114.067863
367 22.525167 114.063271
368 22.538717 114.102585
369 22.524067 113.936668
370 22.646835 113.818642
371 22.579775 113.886162
372 22.553717 113.906418
373 22.686968 114.23558
374 22.587317 113.874229
375 22.56675 114.049049
376 22.651068 113.81488
377 22.566467 113.88118
378 22.555582 114.1035
379 22.540417 114.079865
380 22.5438 114.117531
381 22.692701 114.044662
382 22.642099 114.026466
383 22.712618 114.249916
384 22.517834 113.927933
385 22.5404 113.919418
386 22.601236 114.112305
387 22.64856 113.817398
388 22.555792 114.094528
389 22.560143 114.11776
390 22.666134 114.02282
391 22.578533 113.891701
392 22.610535 114.158913
393 22.631416 114.03215
394 22.554693 114.090919
395 22.5236685 113.9202005
396 22.540562 114.029266
397 22.547638 114.101051
398 22.561684 113.886246
399 22.60384 113.855576
400 22.545517 114.145332
401 22.548067 114.127701
402 22.594816 114.027184
403 22.59018675 113.9013715
404 22.557509 113.90926075
405 22.543467 113.963684
406 22.555599 114.081413
407 22.54952675 114.078296083
408 22.53755 114.10955
409 22.550949 114.091049
410 22.518183 114.052353
411 22.519518 113.927765
412 22.565332 114.055481
413 22.528168 114.046967
414 22.5823429167 114.114559417
415 22.543283 113.960083
416 22.533867 114.113617
417 22.5463647692 114.115490462
418 22.587851 114.264534
419 22.540001 114.062531
420 22.548817 114.1315
421 22.559967 114.129166
422 22.6430595 113.8329235
423 22.537399 114.025597
424 22.517517 114.063431
425 22.534666 114.114418
426 22.542549 113.935837
427 22.522533 113.909035
428 22.536966 114.080566
429 22.527483 113.940918
430 22.557716 114.179298
431 22.5382 114.065849
432 22.6478 113.819702
433 22.673267 114.02375
434 22.50495 113.925331
435 22.648199 113.817902
436 22.543299 114.088501
437 22.637583 114.024902
438 22.630333 114.068001
439 22.686234 113.924248
440 22.571182 114.048386
441 22.57465 113.870102
442 22.560766 114.103996
443 22.551832 114.091133
444 22.554167 114.032585
445 22.531733 114.076118
446 22.689432 114.338966
447 22.531683 114.017502
448 22.5676 114.054268
449 22.523382 114.065781
450 22.5583 114.08992
451 22.546801 114.105934
452 22.556175 114.004684
453 22.52285 114.047501
454 22.565632 113.92849
455 22.735332 113.958015
456 22.6104925 114.124121
457 22.647175 114.036156
458 22.671997 114.025131
459 22.551983 114.117767
460 22.530466 114.013435
461 22.538918 114.115234
462 22.542351 114.099831
463 22.555817 113.904915
464 22.53035 114.050583
465 22.5364829091 114.037028773
466 22.543432 114.010071
467 22.539301 113.970116
468 22.540518 114.023514
469 22.702499 114.118668
470 22.648012 114.028305
471 22.6078925833 113.915029417
472 22.5703644167 113.9257055
473 22.582518 113.909286
474 22.662663 114.018829
475 22.668077 114.02755
476 22.708078 114.060165
477 22.53385 114.024948
478 22.566351 114.036186
479 22.673309 114.077698
480 22.686083 113.947235
481 22.483299 113.908134
482 22.538017 114.093483
483 22.570143 114.054131
484 22.7038 113.793533
485 22.579594 114.131599
486 22.5369 114.07193
487 22.492117 113.920784
488 22.578882 114.056664
489 22.5432169 114.0675717
490 22.542801 114.047203
491 22.531418 114.012283
492 22.649083 113.823799
493 22.545082 114.000816
494 22.541683 114.04425
495 22.607 114.164383
496 22.548668 113.928665
497 22.557167 114.215866
498 22.54195 114.091286
499 22.524683 113.92865
500 22.537634 114.104614
501 22.479483 113.908119
502 22.55295 114.103134
503 22.555901 113.904884
504 22.538851 113.952301
505 22.531633 114.069115
506 22.583933 113.875336
507 22.690384 113.826866
508 22.545816 114.083633
509 22.544184 114.099548
510 22.533867 114.068001
511 22.621483 114.027664
512 22.5609 114.111649
513 22.578934 114.1157
514 22.5228 113.976631
515 22.540483 114.047783
516 22.733334 114.034882
517 22.533068 114.040604
518 22.536484 114.117416
519 22.532267 113.940933
520 22.482668 113.885551
521 22.543083 114.118614
522 22.61025 114.133499
523 22.553867 113.922668
524 22.654917 114.035667
525 22.640232 114.041084
526 22.652582 114.02108
527 22.561333 113.903267
528 22.652933 114.061882
529 22.735933 114.270416
530 22.65855 114.022232
531 22.589832 113.871063
532 22.620199 114.119431
533 22.778084 113.892448
534 22.623632 114.029053
535 22.626284 114.033951
536 22.727833 114.266685
537 22.719749 114.035667
538 22.669333 113.989334
539 22.745934 114.249718
540 22.5217 114.063484
541 22.561533 114.173248
542 22.622383 113.848053
543 22.571182 113.955185
544 22.558317 114.089752
545 22.558758 113.945389
546 22.537727 114.063904
547 22.527601 114.061653
548 22.543947 114.113632
549 22.573551 114.134583
550 22.55175 114.137482
551 22.548866 114.034332
552 22.544933 113.909714
553 22.5255240833 114.053703
554 22.562166 114.13205
555 22.655582 114.024651
556 22.728333 114.233185
557 22.628834 114.13932
558 22.703234 114.232101
559 22.714149 114.0401
560 22.6051676667 114.138074
561 22.6446 114.028481
562 22.576218 113.880547
563 22.728783 114.267036
564 22.6579915 114.201809
565 22.654833 114.035652
566 22.669518 114.139503
567 22.627768 114.1007
568 22.727818 114.277748
569 22.649918 114.201286
570 22.73389425 114.2628735
571 22.613117 114.057281
572 22.62945 114.057716
573 22.6152 114.038227
574 22.711634 114.038963
575 22.673166 114.026848
576 22.54085 114.081703
577 22.53735 114.056183
578 22.531616 114.072929
579 22.525928 114.033478
580 22.5568113333 113.993794556
581 22.530382 114.070999
582 22.521433 113.93367
583 22.620239 114.035904
584 22.556183 114.039436
585 22.5352504167 114.083245417
586 22.561304 113.979393
587 22.6798065 114.002865
588 22.659782 114.014053
589 22.528618 114.063065
590 22.498327 113.919731
591 22.577007 114.126915
592 22.53273 114.077881
593 22.534348 114.024559
594 22.663153 114.057938
595 22.53385 114.062447
596 22.572367 114.135902
597 22.517567 114.062584
598 22.517057 113.922211
599 22.545549 114.108368
600 22.535784 114.116035
601 22.637697 114.050278
602 22.550283 114.068031
603 22.544018 113.985748
604 22.699169 114.044708
605 22.596849 113.962715
606 22.497467 113.92543
607 22.651068 113.814232
608 22.563084 114.122314
609 22.541567 114.045158
610 22.523867 114.067978
611 22.676666 113.988014
612 22.5633363333 113.884562333
613 22.543505 113.955666
614 22.630056 114.025795
615 22.5332036 114.0458874
616 22.587482 113.943214
617 22.549784 114.10482
618 22.567333 114.12413
619 22.527433 114.067299
620 22.581017 113.877998
621 22.592533 114.15052
622 22.532301 114.02047
623 22.560066 114.095581
624 22.533501 114.044586
625 22.548599 113.922935
626 22.540983 114.11985
627 22.558018 114.153816
628 22.54355 114.037354
629 22.612482 114.05513
630 22.541983 114.091217
631 22.566 114.119553
632 22.651318 113.815117
633 22.571051 113.908752
634 22.571882 113.905296
635 22.800699 113.78553
636 22.662933 113.817497
637 22.6315 114.02552
638 22.653851 114.056252
639 22.670982 113.920547
640 22.637882 113.860046
641 22.676317 114.023979
642 22.585117 113.914368
643 22.552668 113.883049
644 22.665449 114.095818
645 22.67775 114.031982
646 22.735533 114.250687
647 22.57395 113.881935
648 22.577066 113.859863
649 22.563833 113.889366
650 22.568951 113.901886
651 22.705133 114.220886
652 22.720934 114.250916
653 22.672216 114.046898
654 22.5862228 113.8919022
655 22.520184 114.030869
656 22.515717 113.913429
657 22.573099 114.084213
658 22.526951 114.060585
659 22.531218 113.907387
660 22.5354 114.059135
661 22.528099 114.034119
662 22.5626333333 114.037419417
663 22.637867 113.836182
664 22.572718 113.9188
665 22.637167 113.837013
666 22.554583 114.016335
667 22.666283 114.017067
668 22.489367 113.919319
669 22.540051 114.025047
670 22.565483 114.04982
671 22.540867 113.91008
672 22.532433 114.111618
673 22.520782 113.932266
674 22.523983 113.944397
675 22.635883 113.824081
676 22.574066 114.105614
677 22.56665 114.121819
678 22.517233 113.928917
679 22.538567 114.113647
680 22.534033 114.078766
681 22.572531 114.11792
682 22.524532 113.917641
683 22.626347 114.037239
684 22.552664 114.105865
685 22.543217 114.071815
686 22.584526 114.118042
687 22.524162 114.068108
688 22.52445 114.043915
689 22.596638 114.121437
690 22.554304 114.118729
691 22.520187 114.041321
692 22.543394 114.093819
693 22.584078 114.117989
694 22.523432 113.954384
695 22.540598 114.081146
696 22.651546 113.81472
697 22.540562 113.972466
698 22.531597 114.074074
699 22.637987 113.840698
700 22.570833 114.117798
701 22.727262 114.2845
702 22.5375673333 113.910324
703 22.527134 114.038536
704 22.656418 114.00518
705 22.543417 114.08152
706 22.579782 113.878937
707 22.554533 114.103935
708 22.5220836667 114.002665
709 22.544371 114.110062
710 22.5391655 113.9138645
711 22.54417 113.91674
712 22.568666 114.064476
713 22.677023 113.987747
714 22.649714 114.049751
715 22.661484 114.027946
716 22.566933 114.136017
717 22.489668 113.918137
718 22.712353 114.044609
719 22.672268 114.025383
720 22.534834 114.114998
721 22.5334 114.047798
722 22.5911665 113.9177895
723 22.544115 114.102814
724 22.55125 114.0821
725 22.530397 114.032166
726 22.558666 114.099815
727 22.55405 114.127647
728 22.639057 114.085884
729 22.5393578 114.0399483
730 22.585617 114.114166
731 22.539955 114.081573
732 22.558334 113.899368
733 22.5501 114.141396
734 22.63105 114.097549
735 22.546101 114.115601
736 22.542316 114.044998
737 22.5427814167 114.057008667
738 22.548866 114.122833
739 22.6124 114.119286
740 22.5867 113.872398
741 22.566351 114.04985
742 22.541218 114.098053
743 22.651367 113.814865
744 22.537216 114.068069
745 22.651122 113.814572667
746 22.561167 114.099365
747 22.63015 113.84198
748 22.5395669167 114.000459833
749 22.529503 113.998772
750 22.5805 113.881851
751 22.6121651667 113.916155583
752 22.549017 114.136017
753 22.564117 114.139481
754 22.549578 114.043304667
755 22.547567 114.141403
756 22.543249 114.082932
757 22.5609 114.155952
758 22.546967 114.109833
759 22.604349 114.049034
760 22.660933 114.055817
761 22.531282 114.04657
762 22.568968 114.117668
763 22.54125 114.048683
764 22.559317 113.961983
765 22.53558 113.9040905
766 22.525917 114.05928
767 22.527849 114.03495
768 22.5254 114.040421
769 22.627632 114.15287
770 22.506884 113.927429
771 22.587667 113.883682
772 22.572367 113.883904
773 22.639366 113.860046
774 22.7332005 113.8150825
775 22.646299 114.018547
776 22.578751 113.883652
777 22.570999 113.907501
778 22.593149 113.870354
779 22.702682 114.124702
780 22.59775 113.873901
781 22.632067 114.023819
782 22.727716 114.265434
783 22.702049 113.795036
784 22.67445 113.822929
785 22.7136 113.820198
786 22.616383 113.85257
787 22.552299 113.90007
788 22.653366 114.024483
789 22.599701 113.844383
790 22.619667 113.853867
791 22.682768 114.044029
792 22.652718 114.021301
793 22.643618 114.045982
794 22.632467 113.859581
795 22.586132 113.875801
796 22.690733 113.791466
797 22.641068 114.016701
798 22.677834 114.031487
799 22.568701 113.89817
800 22.532917 113.913879
801 22.551067 114.081413
802 22.5259 114.051666
803 22.638329 114.021126
804 22.566809 114.090561
805 22.562366 113.942001
806 22.535258 113.975433
807 22.517918 113.927879
808 22.53915 114.119553
809 22.57341275 113.886946333
810 22.54282175 114.080285667
811 22.543016 113.985069
812 22.5436 114.099731
813 22.538996 113.992233
814 22.535997 113.94075
815 22.651342 113.8150135
816 22.558178 114.098923
817 22.722448 113.88298
818 22.58139 113.910049
819 22.559851 113.939346
820 22.6460258333 113.880451333
821 22.558901 114.010818
822 22.520218 114.061836
823 22.522932 113.966965
824 22.542717 114.047203
825 22.750784 114.248215
826 22.6077 114.111366
827 22.5395753333 114.073733167
828 22.6481 113.833084
829 22.536552 113.927193
830 22.673117 113.920303
831 22.55363175 113.96058075
832 22.54365 114.106171
833 22.54792 113.90107
834 22.6672 114.215302
835 22.542933 114.084816
836 22.5287236667 114.052077917
837 22.543068 114.076698
838 22.530416 114.069847
839 22.527582 114.06012
840 22.662649 114.018784
841 22.558733 114.124313
842 22.5396 113.910866
843 22.545422 114.105881
844 22.543533 114.094246
845 22.527287 114.0549824
846 22.5373 114.105286
847 22.665583 114.01458
848 22.542549 113.938766
849 22.542433 113.915253
850 22.522882 113.967651
851 22.538012 114.100174
852 22.629122 113.849831
853 22.5578 114.135818
854 22.5462505714 114.133854286
855 22.643 114.026848
856 22.587883 114.102852
857 22.525883 114.044548
858 22.677767 114.031281
859 22.667482 114.014252
860 22.7063915 113.930691
861 22.536133 114.072052
862 22.5396 114.115799
863 22.531918 114.076118
864 22.561184 114.062416
865 22.533417 114.057716
866 22.6492 113.817131
867 22.465334 114.119736
868 22.54565 114.057701
869 22.549633 113.986618
870 22.52615 114.051369
871 22.558767 114.11882
872 22.551067 114.044334
873 22.6432075 113.828068
874 22.493549 113.92218
875 22.536572 114.077344
876 22.5415 114.110298
877 22.561899 114.10685
878 22.538233 114.099403
879 22.550949 114.0186
880 22.527149 113.927452
881 22.541082 114.084
882 22.531334 114.055397
883 22.650249 114.046265
884 22.531816 114.11393
885 22.543034 114.06752
886 22.649599 113.833
887 22.547182 114.129585
888 22.564583 113.901421
889 23.047016 114.381851
890 22.570551 113.849503
891 22.667067 114.018547
892 22.770533 114.033897
893 22.65435 114.0196
894 22.63055 113.831146
895 22.6451 114.03463
896 22.57655 113.911186
897 22.66855 114.027885
898 22.784567 114.448433
899 22.637783 113.907654
900 22.546284 114.081566
901 22.649866 113.814598
902 22.479584 113.908081
903 22.647966 113.82045
904 22.542883 114.058479
905 22.541332 114.034966
906 22.57395 114.080414
907 22.651133 113.815353
908 22.643333 113.836136
909 22.663082 114.011864
910 22.5579691667 114.13313925
911 22.541883 114.036613
912 22.550783 114.067917
913 22.532232 114.060699
914 22.562616 114.036018
915 22.650883 113.814468
916 22.565701 114.049835
917 22.547567 114.121536
918 22.531616 114.114052
919 22.612997 114.124748
920 22.563164 114.114754
921 22.525163 114.053589
922 22.525892 114.054482
923 22.555372 114.099464
924 22.544197 114.011673
925 22.531446 114.045097
926 22.62937 113.849419
927 22.521214 114.055969
928 22.535879 114.07196
929 22.560934 114.090828
930 22.561455 114.140991
931 22.522568 113.958649
932 22.538017 114.07402
933 22.537983 114.103203
934 22.6479 113.820152
935 22.7753375 113.845228
936 22.6164946667 113.837669333
937 22.551884 114.098381
938 22.590782 113.967567
939 22.531668 114.076416
940 22.527834 113.947479
941 22.524117 113.987831
942 22.518583 113.948303
943 22.52795 113.9188
944 22.561483 114.09288
945 22.651632 113.814796
946 22.555218 114.109749
947 22.655693 114.024597
948 22.621201 113.849182
949 22.541967 114.091415
950 22.61463875 113.916004833
951 22.579447 113.907967
952 22.552834 114.115051
953 22.607301375 114.1298445
954 22.642712 113.836845
955 22.669018 114.020782
956 22.531116 114.048302
957 22.66202 113.861214
958 22.648335 114.031693
959 22.720055 114.062805
960 22.517401 114.063248
961 22.538033 114.094849
962 22.5916441667 113.899235083
963 22.541166 114.097633
964 22.558468 114.103951
965 22.53545 114.115601
966 22.538601 114.111954
967 22.5393610833 114.097459667
968 22.549299 114.08918
969 22.651283 113.81424
970 22.634756 114.061584
971 22.55159 114.080223
972 22.610744 113.859695
973 22.5352934167 114.054600167
974 22.5365975 114.005728833
975 22.524782 114.053635
976 22.566767 114.162018
977 22.546932 114.075996
978 22.55027 113.941498
979 22.6634968947 114.028109895
980 22.539568 114.026382
981 22.567383 114.061203
982 22.514217 114.056099
983 22.6682573333 114.013944
984 22.684889 114.129654
985 22.5709 113.89798
986 22.528 114.028969
987 22.550917 114.043999
988 22.5328555714 113.925232286
989 22.543716 114.101982
990 22.540167 113.914352
991 22.524767 114.043381
992 22.714216 114.260017
993 22.615122 114.092072
994 22.667784 114.011765
995 22.602083 114.115067
996 22.533016 114.04068
997 22.74435 114.246246
998 22.541967 113.944771
999 22.543699 113.991135
1000 22.649418 113.814919
1001 22.551434 114.057533
1002 22.6479 113.816002
1003 22.518928 113.999771
1004 22.579884 113.849335
1005 22.695333 114.235168
1006 22.704384 114.043648
1007 22.64185 114.026367
1008 22.568768 113.889648
1009 22.558451 113.961037
1010 22.604033 113.809715
1011 22.69865 113.914169
1012 22.574333 113.86277
1013 22.5441 114.125847
1014 22.542801 114.076233
1015 22.522797 114.06424
1016 22.6513 114.026917
1017 22.620392 114.144615
1018 22.617599 114.037537
1019 22.762583 114.370918
1020 22.720699 114.253334
1021 22.728277 114.277168
1022 22.537083 114.063049
1023 22.551533 114.062614
1024 22.550934 114.091034
1025 22.5499 114.125687
1026 22.561268 113.929153
1027 22.570299 113.922081
1028 22.539246 114.120239
1029 22.538099 114.110733
1030 22.546217 114.10553
1031 22.521458 114.048508
1032 22.541332 114.036163
1033 22.520378 114.041107
1034 22.532801 114.04808
1035 22.639225 113.8379325
1036 22.540182 114.1026
1037 22.530466 113.919952
1038 22.544718 114.079834
1039 22.552816 114.035652
1040 22.565018 113.894218
1041 22.545933 114.140701
1042 22.545918 114.012131
1043 22.516068 113.913231
1044 22.538218 114.071983
1045 22.544867 114.122169
1046 22.541866 114.118484
1047 22.5315 114.043381
1048 22.555433 113.928101
1049 22.5384415 114.0638885
1050 22.5308915 114.026493
1051 22.544149 114.117882
1052 22.6709971667 113.950816583
1053 22.649933 113.833252
1054 22.543333 114.08992
1055 22.5315 114.060585
1056 22.531116 113.914948
1057 22.700933 114.269249
1058 22.736616 114.276886
1059 22.658369 114.03701
1060 22.516018 113.92408
1061 22.596167 113.895851
1062 22.54775 114.134285
1063 22.5928 114.106483
1064 22.631184 113.842636
1065 22.580601 114.055084
1066 22.55665 114.110481
1067 22.590549 114.26712
1068 22.529016 114.027367
1069 22.672308 114.025497
1070 22.651335 114.026031
1071 22.635622 114.055466
1072 22.532566 113.943314
1073 22.545584 114.084602
1074 22.518417 114.05378
1075 22.533937 114.059975
1076 22.63937 114.042747
1077 22.538099 114.105019
1078 22.569883 114.126663
1079 22.563467 113.975983
1080 22.536301 114.005386
1081 22.5303 114.037415
1082 22.518217 114.051781
1083 22.661312 114.052246
1084 22.532084 114.063034
1085 22.650618 113.816269
1086 22.534647 114.114052
1087 22.540564 114.113647
1088 22.648424 113.817589
1089 22.568016 114.035187
1090 22.54315 114.127464
1091 22.564301 114.094582
1092 22.535969 113.989815
1093 22.546316 114.117615
1094 22.522949 113.92688
1095 22.483316 113.908302
1096 22.594566 113.897636
1097 22.560167 114.019264
1098 22.531733 114.065582
1099 22.530617 114.059616
1100 22.531366 114.068115
1101 22.6509446667 113.814931
1102 22.543266 113.915314
1103 22.533117 114.047935
1104 22.67375 113.922699
1105 22.650818 113.815849
1106 22.52772925 114.06386225
1107 22.5546 114.06543
1108 22.541817 114.109596
1109 22.686483 114.140648
1110 22.550882 114.044151
1111 22.580467 114.13752
1112 22.550432 114.033966
1113 22.551634 114.062584
1114 22.517267 113.922035
1115 22.544933 114.1064
1116 22.533725 114.063332
1117 22.536983 113.928902
1118 22.556767 114.21907
1119 22.525766 114.066315
1120 22.538082 114.092682
1121 22.572451 114.135681
1122 22.635799 113.826736
1123 22.556967 113.940453
1124 22.559244 113.965344333
1125 22.51745 113.922165
1126 22.543133 114.117371
1127 22.566282 114.04953
1128 22.691999 114.334129
1129 22.520884 114.046616
1130 22.58 114.115952
1131 22.5509 114.044136
1132 22.563084 114.114571
1133 22.569767 114.103371
1134 22.653351 113.922249
1135 22.53825 114.014954
1136 22.536118 114.003601
1137 22.569683 114.127052
1138 22.531982 114.117569
1139 22.524033 114.066582
1140 22.651417 113.814903
1141 22.538799 114.044563
1142 22.5462335 114.1170425
1143 22.569834 114.126869
1144 22.522699 113.968353
1145 22.554632 113.979286
1146 22.542717 114.069901
1147 22.547417 114.109734
1148 22.5392 114.099701
1149 22.54125 114.091187
1150 22.681501 113.985115
1151 22.563217 114.12468
1152 22.5473 113.99202
1153 22.722933 114.218765
1154 22.723257 114.05574
1155 22.566299 113.927315
1156 22.5257 114.056396
1157 22.629667 113.848915
1158 22.533617 114.078186
1159 22.806534 113.807152
1160 22.55385 114.143684
1161 22.525867 114.04837
1162 22.544567 114.039536
1163 22.571417 114.0616
1164 22.666191 114.0142778
1165 22.735413 113.991081
1166 22.623217 114.149246
1167 22.745832 114.52195
1168 22.550417 114.081581
1169 22.528667 114.05658
1170 22.543032 114.065102
1171 22.572968 114.083336
1172 22.570885 114.053986
1173 22.559668 114.129501
1174 22.536917 114.071968
1175 22.523912 114.067764
1176 22.530483 114.013298
1177 22.653316 114.061066
1178 22.596464 114.119591
1179 22.544191 113.912132
1180 22.646055 113.818153
1181 22.531895 114.06797
1182 22.530256 114.069405
1183 22.648458 113.817535
1184 22.560787 114.09111
1185 22.552 114.076263
1186 22.5523024167 114.09571475
1187 22.610733 114.131203
1188 22.721368 114.272217
1189 22.584333 113.889999
1190 22.549017 114.057701
1191 22.568382 114.03685
1192 22.543533 114.117729
1193 22.5996 113.843819
1194 22.648018 113.818367
1195 22.538668 113.959297
1196 22.54105 114.046967
1197 22.535482 114.079102
1198 22.535982 114.116699
1199 22.640682 114.02272
1200 22.553368 114.039299
1201 22.58255 114.10128
1202 22.545967 114.137566
1203 22.534825 113.9893
1204 22.517767 114.063568
1205 22.53805 114.095947
1206 22.5931493333 113.954384
1207 22.651434 113.815063
1208 22.614149 114.124718
1209 22.580667 114.114899
1210 22.552217 113.91832
1211 22.601267 114.307785
1212 22.650499 113.814232
1213 22.551767 114.097748
1214 22.708 114.213402
1215 22.724367 114.289413
1216 22.565132 114.104103
1217 22.541067 114.087883
1218 22.531082 114.044434
1219 22.649282 113.817146
1220 22.5496004167 114.07835175
1221 22.693333 114.276115
1222 22.576733 114.117966
1223 22.531067 113.913803
1224 22.728533 114.276703
1225 22.537317 114.112099
1226 22.569901 114.1269
1227 22.56015 113.940666
1228 22.529716 113.910217
1229 22.5348 113.959129
1230 22.558451 114.232803
1231 22.558849 114.148003
1232 22.536983 113.999733
1233 22.564833 113.944817
1234 22.537033 114.118019
1235 22.543278 113.960052
1236 22.606449 113.883186
1237 22.600668 114.043549
1238 22.545282 114.047417
1239 22.531967 114.071236
1240 22.537216 114.026932
1241 22.5333 114.04483
1242 22.567316 113.925003
1243 22.522333 114.033852
1244 22.541817 114.10923
1245 22.53825 114.112663
1246 22.538183 114.091904
1247 22.5415 114.090782
1248 22.598217 114.046318
1249 22.538967 113.919548
1250 22.596849 113.964249
1251 22.635332 113.838684
1252 22.568916 113.901764
1253 22.634933 114.033302
1254 22.668966 113.996834
1255 22.713818 114.2621
1256 22.663532 114.011299
1257 22.567751 113.891983
1258 22.656767 114.068832
1259 22.572617 113.883934
1260 22.653517 114.03688
1261 22.585033 113.876816
1262 22.596233 113.840851
1263 22.625168 113.858002
1264 22.5963 113.871964
1265 22.56505 113.887749
1266 22.560867 113.88385
1267 22.568382 113.870049
1268 22.5987 114.045319
1269 22.5628005 113.9019505
1270 22.581551 113.884003
1271 22.568884 113.86953
1272 22.563601 113.889717
1273 22.636217 114.024101
1274 22.593517 113.870415
1275 22.575251 113.895966
1276 22.674217 113.823349
1277 22.53450275 114.061574583
1278 22.546749 113.940536
1279 22.53888575 114.11127075
1280 22.55175 114.089218
1281 22.541332 114.11367
1282 22.53953 113.971146
1283 22.534908 114.071915
1284 22.586727 113.949699
1285 22.543367 114.090805
1286 22.647129 113.815979
1287 22.587982 114.110199
1288 22.5275474375 114.057550187
1289 22.536022 114.063026
1290 22.623833 114.034798
1291 22.545366 114.059097
1292 22.538033 114.104019
1293 22.611584 114.119919
1294 22.551666 114.08107
1295 22.5356524167 114.01838175
1296 22.540182 114.111649
1297 22.535233 114.057602
1298 22.5397 114.023636
1299 22.647638 114.041237
1300 22.577517 114.130432
1301 22.717033 114.265564
1302 22.520967 113.91758
1303 22.708389 114.03994
1304 22.569782 114.125053
1305 22.534451 114.020554
1306 22.651033 113.815216
1307 22.561417 114.096436
1308 22.72625 114.205818
1309 22.5194 113.929665
1310 22.556566 113.975037
1311 22.7279 114.282814
1312 22.650932 113.814064
1313 22.622351 114.121033
1314 22.5105 113.915581
1315 22.558451 114.045631
1316 22.537367 114.054314
1317 22.5290076154 113.967418
1318 22.720516 114.258568
1319 22.551603 114.121758
1320 22.650999 113.815063
1321 22.533934 114.082069
1322 22.511482 113.920364
1323 22.701616 114.225151
1324 22.525101 113.990303
1325 22.521833 114.054482
1326 22.617416 113.835365
1327 22.522717 114.027679
1328 22.737217 113.902367
1329 22.608141 114.041115
1330 22.580074 114.114799
1331 22.548668 114.104881
1332 22.601116 113.863152
1333 22.524282 114.043915
1334 22.555651 114.015503
1335 22.542032 114.101852
1336 22.539859 113.9814645
1337 22.673433 113.822586
1338 22.557501 114.123436
1339 22.479349 113.908516
1340 22.54315 114.112717
1341 22.532633 114.038231
1342 22.562616 114.084419
1343 22.543318 114.07608
1344 22.539427 114.119308
1345 22.6262 113.844681
1346 22.530849 114.025299
1347 22.745831 114.014275
1348 22.651533 114.026047
1349 22.591066 114.124481
1350 22.550966 114.081467
1351 22.650932 114.19915
1352 22.54265 114.12635
1353 22.615534 114.135368
1354 22.735849 114.25663
1355 22.556932 114.086998
1356 22.551001 114.129349
1357 22.554958 114.099434
1358 22.53735 114.084213
1359 22.659201 113.903069
1360 22.651051 113.815048
1361 22.537416 114.08358
1362 22.560001 114.129173
1363 22.553617 114.118629
1364 22.749132 114.240646
1365 22.559162 114.119331
1366 22.740282 114.24765
1367 22.724684 114.247849
1368 22.561268 114.096931
1369 22.530832 114.04187
1370 22.722982 114.281769
1371 22.714317 114.295013
1372 22.550133 114.041969
1373 22.567818 114.094551
1374 22.632683 113.845131
1375 22.557367 114.123383
1376 22.543217 114.104485
1377 22.543318 114.083351
1378 22.541817 114.120064
1379 22.5474 114.062798
1380 22.544518 114.104584
1381 22.548717 114.130363
1382 22.549732 114.081482
1383 22.672951 114.046265
1384 22.5270215 114.05262375
1385 22.5352 114.074265
1386 22.543568 113.914635
1387 22.531418 114.063065
1388 22.578934 113.907318
1389 22.548134 114.084
1390 22.531683 114.072433
1391 22.547916 114.081535
1392 22.540016 114.01638
1393 22.532368 114.049866
1394 22.566233 114.04277
1395 22.57275 113.88385
1396 22.542084 114.082047
1397 22.558867 113.943985
1398 22.650867 113.81617
1399 22.6278 114.01078
1400 22.651484 113.814934
1401 22.554033 114.09063
1402 22.55155 114.076469
1403 22.633301 113.839302
1404 22.544468 114.104416
1405 22.695032 114.337547
1406 22.528366 114.04483
1407 22.554083 114.143646
1408 22.585199 114.117783
1409 22.568768 114.137314
1410 22.564966 114.118347
1411 22.5424 114.114899
1412 22.581917 114.115036
1413 22.560383 114.116364
1414 22.667717 114.011497
1415 22.6499 113.830482
1416 22.613417 114.115616
1417 22.624517 114.0308
1418 22.624617 114.104485
1419 22.730049 114.259354
1420 22.578817 113.889275
1421 22.742533 114.25988
1422 22.630068 114.070999
1423 22.697567 114.124634
1424 22.712883 114.044014
1425 22.578266 113.893051
1426 22.69245 114.03878
1427 22.692568 114.115318
1428 22.63195 114.010101
1429 22.60965 114.105637
1430 22.533333 114.045265
1431 22.534317 114.114716
1432 22.559334 114.140251
1433 22.650551 113.82637
1434 22.642982 114.188919
1435 22.523367 114.048584
1436 22.564367 113.888916
1437 22.5317 114.043251
1438 22.544451 114.109886
1439 22.521383 114.041397
1440 22.551535 114.076996
1441 22.522564 113.917793
1442 22.541582 113.926956
1443 22.535282 114.063148
1444 22.579306 114.07991
1445 22.649441 113.833382
1446 22.571293 114.098763
1447 22.528418 113.926682
1448 22.648067 113.820732
1449 22.543533 114.101715
1450 22.589884 114.109703
1451 22.533449 114.047798
1452 22.685551 114.142197
1453 22.5748 113.895233
1454 22.719833 113.833168
1455 22.592751 113.878181
1456 22.565067 113.884102
1457 22.65506675 114.0613385
1458 22.6188453333 114.121790667
1459 22.6394 114.014931
1460 22.616275 114.149952
1461 22.6748833333 114.2223
1462 22.625032 114.033966
1463 22.6226528571 114.134838714
1464 22.654917 114.024597
1465 22.689833 114.134651
1466 22.731016 114.277115
1467 22.636999 114.022469
1468 22.653067 114.021935
1469 22.722116 114.233566
1470 22.674518 113.933327
1471 22.541683 114.120384
1472 22.535433 113.917465
1473 22.53035 114.07177
1474 22.543118 114.128098
1475 22.6429337273 113.838811818
1476 22.552282 114.120979
1477 22.542683 113.933968
1478 22.563078 114.120168
1479 22.541651 114.035896
1480 22.24983 113.988991
1481 22.671215 113.986198
1482 22.528297 113.919044
1483 22.672569 114.026413
1484 22.650829 113.814636
1485 22.585226 113.894417
1486 22.525818 114.05323
1487 22.547522 114.057671
1488 22.543333 114.112617
1489 22.525351 114.05368
1490 22.568567 113.908951
1491 22.570967 114.074066
1492 22.602867 113.868416
1493 22.576662 114.118607
1494 22.632433 113.845535
1495 22.561686 114.167
1496 22.583817 113.949997
1497 22.540817 114.118248
1498 22.537884 114.081596
1499 22.552418 114.076836
1500 22.509567 113.917213
