1 22.511818 113.916634
2 22.543783 114.122032
3 22.609768 114.143997
4 22.555037 113.900185
5 22.671118 113.8013
6 22.553368 114.021515
7 22.5667 113.909065
8 22.593344 113.870277
9 22.564417 114.029671
10 22.54505 114.091316
11 22.725201 114.218369
12 22.673332 113.821899
13 22.593332 113.885918
14 22.647734 114.03598
15 22.593445 113.870178
16 22.55534 113.898949
17 22.651321 113.814636
18 22.650383 113.816414
19 22.547062 113.961075
20 22.537037 114.05336
21 22.536331 114.107269
22 22.584562 114.12973
23 22.610733 114.108681
24 22.6226858571 114.051253143
25 22.53805 114.103203
26 22.555008 113.89975
27 22.5616 114.10363
28 22.647867 113.820015
29 22.517515 114.062691
30 22.584984 113.87413
31 22.539801 114.074921
32 22.576508 114.110504
33 22.6194 114.040985
34 22.632151 113.845901
35 22.575033 113.874519
36 22.579878 113.88472
37 22.7614 113.844208
38 22.86054 113.677437
39 22.552467 114.125717
40 22.557228 113.952888
41 22.544706 113.90461
42 22.638218 114.021233
43 22.663132 113.817284
44 22.729103 113.83754
45 22.541668 114.068871
46 22.534184 114.058403
47 22.513184 113.927429
48 22.559418 114.114967
49 22.54015 114.022018
50 22.5485 114.130302
51 22.563383 114.133148
52 22.562017 114.131882
53 22.5352943333 113.926842
54 22.535032 114.115021
55 22.579018 114.115532
56 22.5637 113.953613
57 22.637733 114.0
58 22.649897 113.814552
59 22.517563 114.063316
60 22.511284 114.051598
